0 0 0 0 0 0 0 0 0 0 0 0 0 0 0 0 8.21906e-40 5.60519e-45 0 0 0 0 0 0 0 0 0 0 0 0 0 0 0 0 0 0 0 0 0 0 0 0 0 0 0 0 0 0 0 0 0 0 0 0 0 0 0 0 0 0 0 0 0 0 0 0 0 0 0 0 0 0 0 0 0 0 0 0 0 0 0 0 0 0 0 0 0 0 0 0 0 0 0 0 0 0 0 0 0 0 0 0 0 0 0 0 0 0 0 0 0 0 0 0 0 0 0 0 0 0 0 0 0 0 0 0 0 0 0 0 0 0 0 0 0 0 0 
0 0 0 0 0 0 0 0 0 0 0 0 0 0 0 0 6.66078e-36 1.15079e-40 0 0 0 0 0 0 0 0 0 0 0 0 0 0 0 0 0 0 0 0 0 0 0 0 0 0 0 0 0 0 0 0 0 0 0 0 0 0 0 0 0 0 0 0 0 0 0 0 0 0 0 0 0 0 0 0 0 0 0 0 0 0 0 0 0 0 0 0 0 0 0 0 0 0 0 0 0 0 0 0 0 0 0 0 0 0 0 0 0 0 0 0 0 0 0 0 0 0 0 0 0 0 0 0 0 0 0 0 0 0 0 0 0 0 0 0 0 0 0 
0 0 0 0 0 0 0 0 0 0 0 0 0 0 0 0 3.72222e-34 8.54594e-40 2.10895e-42 0 0 0 0 0 0 0 0 0 0 0 0 0 0 0 0 0 0 0 0 0 0 0 0 0 0 0 0 0 0 0 0 0 0 0 0 0 0 0 0 0 0 0 0 0 0 0 0 0 0 0 0 0 0 0 0 0 0 0 0 0 0 0 0 0 0 0 0 0 0 0 0 0 0 0 0 0 0 0 0 0 0 0 0 0 0 0 0 0 0 0 0 0 0 0 0 0 0 0 0 0 0 0 0 0 0 0 0 0 0 0 0 0 0 0 0 0 0 
0 0 0 0 0 0 0 0 0 0 0 0 0 0 0 0 3.0072e-36 2.75906e-36 1.55768e-41 0 0 0 0 0 0 0 0 0 0 0 0 0 0 0 0 0 0 0 0 0 0 0 0 0 0 0 0 0 0 0 0 0 0 0 0 0 0 0 0 0 0 0 0 0 0 0 0 0 0 0 0 0 0 0 0 0 0 0 0 0 0 0 0 0 0 0 0 0 0 0 0 0 0 0 0 0 0 0 0 0 0 0 0 0 0 0 0 0 0 0 0 0 0 0 0 0 0 0 0 0 0 0 0 0 0 0 0 0 0 0 0 0 0 0 0 0 0 
0 0 0 0 0 0 0 0 0 0 0 0 0 0 0 0 2.02385e-32 3.31075e-37 1.92978e-36 0 0 0 0 0 0 0 0 0 0 0 0 0 0 0 0 0 0 0 0 0 0 0 0 0 0 0 0 0 0 0 0 0 0 0 0 0 0 0 0 0 0 0 0 0 0 0 0 0 0 0 0 0 0 0 0 0 0 0 0 0 0 0 0 0 0 0 0 0 0 0 0 0 0 0 0 0 0 0 0 0 0 0 0 0 0 0 0 0 0 0 0 0 0 0 0 0 0 0 0 0 0 0 0 0 0 0 0 0 0 0 0 0 0 0 0 0 0 
0 0 0 0 0 0 0 0 0 0 0 0 0 0 0 0 6.47656e-26 1.47405e-31 4.48171e-38 1.01098e-36 0 0 0 0 0 0 0 0 0 0 0 0 0 0 0 0 0 0 0 0 0 0 0 0 0 0 0 0 0 0 0 0 0 0 0 0 0 0 0 0 0 0 0 0 0 0 0 0 0 0 0 0 0 0 0 0 0 0 0 0 0 0 0 0 0 0 0 0 0 0 0 0 0 0 0 0 0 0 0 0 0 0 0 0 0 0 0 0 0 0 0 0 0 0 0 0 0 0 0 0 0 0 0 0 0 0 0 0 0 0 0 0 0 0 0 0 0 
0 0 0 0 0 0 0 0 0 0 0 0 0 0 0 0 5.34401e-22 6.05366e-29 1.4736e-31 1.22541e-37 2.65866e-39 1.00893e-43 0 0 0 0 0 0 0 0 0 0 0 0 0 0 0 0 0 0 0 0 0 0 0 0 0 0 0 0 0 0 0 0 0 0 0 0 0 0 0 0 0 0 0 0 0 0 0 0 0 0 0 0 0 0 0 0 0 0 0 0 0 0 0 0 0 0 0 0 0 0 0 0 0 0 0 0 0 0 0 0 0 0 0 0 0 0 0 0 0 0 0 0 0 0 0 0 0 0 0 0 0 0 0 0 0 0 0 0 0 0 0 0 0 0 0 
0 0 0 0 0 0 0 0 0 0 0 0 0 0 0 0 7.79492e-20 5.02902e-25 4.39675e-28 3.70432e-34 9.16753e-37 3.49592e-40 0 0 0 0 0 0 0 0 0 0 0 0 0 0 0 0 0 0 0 0 0 0 0 0 0 0 0 0 0 0 0 0 0 0 0 0 0 0 0 0 0 0 0 0 0 0 0 0 0 0 0 0 0 0 0 0 0 0 0 0 0 0 0 0 0 0 0 0 0 0 0 0 0 0 0 0 0 0 0 0 0 0 0 0 0 0 0 0 0 0 0 0 0 0 0 0 0 0 0 0 0 0 0 0 0 0 0 0 0 0 0 0 0 0 0 
0 0 0 0 0 0 0 0 0 0 0 0 0 0 0 0 2.3242e-16 5.29628e-22 6.49318e-26 1.63884e-28 9.94054e-34 9.16082e-37 2.07672e-42 0 0 0 0 0 0 0 0 0 0 0 0 0 0 0 0 0 0 0 0 0 0 0 0 0 0 0 0 0 0 0 0 0 0 0 0 0 0 0 0 0 0 0 0 0 0 0 0 0 0 0 0 0 0 0 0 0 0 0 0 0 0 0 0 0 0 0 0 0 0 0 0 0 0 0 0 0 0 0 0 0 0 0 0 0 0 0 0 0 0 0 0 0 0 0 0 0 0 0 0 0 0 0 0 0 0 0 0 0 0 0 0 0 0 
0 0 0 0 0 0 0 0 0 0 0 0 0 0 0 0 5.11471e-12 2.33743e-16 7.78778e-20 2.38812e-26 5.9609e-29 1.98204e-32 4.48171e-38 1.00893e-43 0 0 0 0 0 0 0 0 0 0 0 0 0 0 0 0 0 0 0 0 0 0 0 0 0 0 0 0 0 0 0 0 0 0 0 0 0 0 0 0 0 0 0 0 0 0 0 0 0 0 0 0 0 0 0 0 0 0 0 0 0 0 0 0 0 0 0 0 0 0 0 0 0 0 0 0 0 0 0 0 0 0 0 0 0 0 0 0 0 0 0 0 0 0 0 0 0 0 0 0 0 0 0 0 0 0 0 0 0 0 0 0 0 
0 0 0 0 0 0 0 0 0 0 0 0 0 0 0 0 1.12673e-07 2.6734e-13 6.32593e-16 7.15112e-23 4.78673e-25 5.92029e-29 9.88669e-34 8.20352e-40 1.4013e-44 0 0 0 0 0 0 0 0 0 0 0 0 0 0 0 0 0 0 0 0 0 0 0 0 0 0 0 0 0 0 0 0 0 0 0 0 0 0 0 0 0 0 0 0 0 0 0 0 0 0 0 0 0 0 0 0 0 0 0 0 0 0 0 0 0 0 0 0 0 0 0 0 0 0 0 0 0 0 0 0 0 0 0 0 0 0 0 0 0 0 0 0 0 0 0 0 0 0 0 0 0 0 0 0 0 0 0 0 0 0 0 0 
0 0 0 0 0 0 0 0 0 0 0 0 0 0 0 0 4.54443e-05 7.60295e-10 3.78067e-11 2.17019e-19 3.89642e-22 2.38842e-26 3.98274e-31 9.06183e-37 4.09109e-41 2.08793e-43 0 0 0 0 0 0 0 0 0 0 0 0 0 0 0 0 0 0 0 0 0 0 0 0 0 0 0 0 0 0 0 0 0 0 0 0 0 0 0 0 0 0 0 0 0 0 0 0 0 0 0 0 0 0 0 0 0 0 0 0 0 0 0 0 0 0 0 0 0 0 0 0 0 0 0 0 0 0 0 0 0 0 0 0 0 0 0 0 0 0 0 0 0 0 0 0 0 0 0 0 0 0 0 0 0 0 0 0 0 0 0 
0 0 0 0 0 0 0 0 0 0 0 0 0 0 0 0 7.76544 4.54498e-05 1.53457e-08 7.04776e-13 6.31243e-16 4.3303e-18 6.4916e-26 1.08156e-30 9.8692e-34 4.58478e-39 0 0 0 0 0 0 0 0 0 0 0 0 0 0 0 0 0 0 0 0 0 0 0 0 0 0 0 0 0 0 0 0 0 0 0 0 0 0 0 0 0 0 0 0 0 0 0 0 0 0 0 0 0 0 0 0 0 0 0 0 0 0 0 0 0 0 0 0 0 0 0 0 0 0 0 0 0 0 0 0 0 0 0 0 0 0 0 0 0 0 0 0 0 0 0 0 0 0 0 0 0 0 0 0 0 0 0 0 0 0 0 
0 0 0 0 0 0 0 0 0 0 0 0 0 0 0 0 8.90131e+06 406.891 1.67303e-05 4.18159e-08 1.29994e-14 4.46475e-18 1.55751e-19 1.76223e-25 2.0135e-32 5.70841e-36 0 0 0 0 0 0 0 0 0 0 0 0 0 0 0 0 0 0 0 0 0 0 0 0 0 0 0 0 0 0 0 0 0 0 0 0 0 0 0 0 0 0 0 0 0 0 0 0 0 0 0 0 0 0 0 0 0 0 0 0 0 0 0 0 0 0 0 0 0 0 0 0 0 0 0 0 0 0 0 0 0 0 0 0 0 0 0 0 0 0 0 0 0 0 0 0 0 0 0 0 0 0 0 0 0 0 0 0 0 0 0 
0 0 0 0 0 0 0 0 0 0 0 0 0 0 0 0 9.88498e+09 60329 58.411 4.57393e-05 1.13114e-07 3.84771e-11 9.6958e-17 1.95649e-22 8.78703e-27 1.6435e-29 0 0 0 0 0 0 0 0 0 0 0 0 0 0 0 0 0 0 0 0 0 0 0 0 0 0 0 0 0 0 0 0 0 0 0 0 0 0 0 0 0 0 0 0 0 0 0 0 0 0 0 0 0 0 0 0 0 0 0 0 0 0 0 0 0 0 0 0 0 0 0 0 0 0 0 0 0 0 0 0 0 0 0 0 0 0 0 0 0 0 0 0 0 0 0 0 0 0 0 0 0 0 0 0 0 0 0 0 0 0 0 
0 0 0 0 0 0 0 0 0 0 0 0 0 0 0 0 4.3477e+15 2.65831e+10 3045.32 55.6954 0.000336324 1.14346e-08 3.85712e-11 4.67484e-15 2.6157e-23 8.99516e-28 0 0 0 0 0 0 0 0 0 0 0 0 0 0 0 0 0 0 0 0 0 0 0 0 0 0 0 0 0 0 0 0 0 0 0 0 0 0 0 0 0 0 0 0 0 0 0 0 0 0 0 0 0 0 0 0 0 0 0 0 0 0 0 0 0 0 0 0 0 0 0 0 0 0 0 0 0 0 0 0 0 0 0 0 0 0 0 0 0 0 0 0 0 0 0 0 0 0 0 0 0 0 0 0 0 0 0 0 0 0 0 
0 0 0 0 0 0 0 0 0 0 0 0 0 0 0 0 6.84268e+30 1.17679e+16 3.62098e+09 2.41756e+07 2.72959 0.00252641 0.000914892 3.78806e-11 1.21454e-17 5.84173e-22 0 0 0 0 0 0 0 0 0 0 0 0 0 0 0 0 0 0 0 0 0 0 0 0 0 0 0 0 0 0 0 0 0 0 0 0 0 0 0 0 0 0 0 0 0 0 0 0 0 0 0 0 0 0 0 0 0 0 0 0 0 0 0 0 0 0 0 0 0 0 0 0 0 0 0 0 0 0 0 0 0 0 0 0 0 0 0 0 0 0 0 0 0 0 0 0 0 0 0 0 0 0 0 0 0 0 0 0 0 0 0 
0 0 0 0 0 0 0 0 0 0 0 0 0 0 0 0 1.17679e+16 6.84268e+30 5.94606e+14 5.33805e+11 166269 148.54 1.00085 4.52438e-06 7.31421e-13 8.96715e-17 7.78493e-20 0 0 0 0 0 1.4013e-45 0 0 0 0 0 0 0 0 0 0 0 0 0 0 0 0 0 0 0 0 0 0 0 0 0 0 0 0 0 0 0 0 0 0 0 0 0 0 0 0 0 0 0 0 0 0 0 0 0 0 0 0 0 0 0 0 0 0 0 0 0 0 0 0 0 0 0 0 0 0 0 0 0 0 0 0 0 0 0 0 0 0 0 0 0 0 0 0 0 0 0 0 0 0 0 0 0 0 0 0 0 0 0 0 
0 0 0 0 0 0 0 0 0 0 0 0 0 0 0 0 3.62098e+09 5.94606e+14 6.84268e+30 2.15037e+14 5.37401e+11 6.69141e+07 411.135 0.000919595 1.53195e-08 7.59182e-10 9.36505e-14 1.05165e-20 0 0 0 0 8.24418e-40 0 0 0 0 0 0 0 0 0 0 0 0 0 0 0 0 0 0 0 0 0 0 0 0 0 0 0 0 0 0 0 0 0 0 0 0 0 0 0 0 0 0 0 0 0 0 0 0 0 0 0 0 0 0 0 0 0 0 0 0 0 0 0 0 0 0 0 0 0 0 0 0 0 0 0 0 0 0 0 0 0 0 0 0 0 0 0 0 0 0 0 0 0 0 0 0 0 0 0 0 0 0 0 0 
0 0 0 0 0 0 0 0 0 0 0 0 0 0 0 0 2.41756e+07 5.33805e+11 2.15037e+14 6.84268e+30 1.66639e+15 1.45103e+12 1.3243e+09 22058.8 0.00676102 1.53457e-08 5.37261e-12 3.20007e-17 3.94366e-21 0 0 0 1.21855e-37 6.09633e-40 0 0 0 0 0 0 0 0 0 0 0 0 0 0 0 0 0 0 0 0 0 0 0 0 0 0 0 0 0 0 0 0 0 0 0 0 0 0 0 0 0 0 0 0 0 0 0 0 0 0 0 0 0 0 0 0 0 0 0 0 0 0 0 0 0 0 0 0 0 0 0 0 0 0 0 0 0 0 0 0 0 0 0 0 0 0 0 0 0 0 0 0 0 0 0 0 0 0 0 0 0 0 0 
0 0 0 0 0 0 0 0 0 0 0 0 0 0 0 0 2.72959 166269 5.37401e+11 1.66639e+15 6.84268e+30 6.40469e+17 7.20929e+10 1.83117e+08 156.316 0.0184706 6.14946e-06 2.79424e-10 1.71684e-15 5.79356e-19 2.14905e-22 0 1.46374e-31 9.15858e-37 1.68917e-38 1.4013e-44 0 0 0 0 0 0 0 0 0 0 0 0 0 0 0 0 0 0 0 0 0 0 0 0 0 0 0 0 0 0 0 0 0 0 0 0 0 0 0 0 0 0 0 0 0 0 0 0 0 0 0 0 0 0 0 0 0 0 0 0 0 0 0 0 0 0 0 0 0 0 0 0 0 0 0 0 0 0 0 0 0 0 0 0 0 0 0 0 0 0 0 0 0 0 0 0 0 0 0 0 0 
0 0 0 0 0 0 0 0 0 0 0 0 0 0 0 0 0.00252641 148.54 6.69141e+07 1.45103e+12 6.40469e+17 6.84268e+30 1.62046e+15 2.6515e+10 2.5407e+07 149.049 0.0499514 1.1292e-07 3.80474e-11 1.71852e-15 1.56795e-18 0 1.18949e-27 3.63755e-34 2.46371e-36 2.24121e-40 1.4013e-44 0 0 0 0 0 0 0 0 0 0 0 0 0 0 0 0 0 0 0 0 0 0 0 0 0 0 0 0 0 0 0 0 0 0 0 0 0 0 0 0 0 0 0 0 0 0 0 0 0 0 0 0 0 0 0 0 0 0 0 0 0 0 0 0 0 0 0 0 0 0 0 0 0 0 0 0 0 0 0 0 0 0 0 0 0 0 0 0 0 0 0 0 0 0 0 0 0 0 0 0 
0 0 0 0 0 0 0 0 0 0 0 0 0 0 0 0 0.000914892 1.00085 411.135 1.3243e+09 7.20929e+10 1.62046e+15 6.84268e+30 4.31966e+15 1.32333e+09 68461.9 20.2381 4.57448e-05 1.52579e-08 1.8945e-12 6.32593e-16 1.0586e-20 5.0281e-25 4.6117e-28 4.91689e-35 4.70281e-38 5.60239e-42 0 0 0 0 0 0 0 0 0 0 0 0 0 0 0 0 0 0 0 0 0 0 0 0 0 0 0 0 0 0 0 0 0 0 0 0 0 0 0 0 0 0 0 0 0 0 0 0 0 0 0 0 0 0 0 0 0 0 0 0 0 0 0 0 0 0 0 0 0 0 0 0 0 0 0 0 0 0 0 0 0 0 0 0 0 0 0 0 0 0 0 0 0 0 0 0 0 0 0 0 
0 0 0 0 0 0 0 0 0 0 0 0 0 0 0 0 3.78806e-11 4.52438e-06 0.000919595 22058.8 1.83117e+08 2.6515e+10 4.31966e+15 6.84268e+30 2.16327e+14 1.32123e+09 442792 54.6515 0.000123515 4.14752e-08 1.39338e-11 2.32207e-16 1.05396e-20 5.26052e-22 1.21021e-27 9.86679e-34 1.22004e-37 4.09277e-41 0 0 0 0 0 0 0 0 0 0 0 0 0 0 0 0 0 0 0 0 0 0 0 0 0 0 0 0 0 0 0 0 0 0 0 0 0 0 0 0 0 0 0 0 0 0 0 0 0 0 0 0 0 0 0 0 0 0 0 0 0 0 0 0 0 0 0 0 0 0 0 0 0 0 0 0 0 0 0 0 0 0 0 0 0 0 0 0 0 0 0 0 0 0 0 0 0 0 0 
0 0 0 0 0 0 0 0 0 0 0 0 0 0 0 0 1.21461e-17 7.31421e-13 1.53195e-08 0.00676102 156.316 2.5407e+07 1.32333e+09 2.16327e+14 6.84268e+30 6.13032e+14 1.95897e+11 3.27981e+06 156.928 0.00707943 6.14946e-06 5.70982e-09 4.66258e-15 2.87899e-20 1.14656e-23 8.74826e-28 5.38446e-32 4.91059e-35 1.1111e-40 0 0 0 0 0 0 0 0 0 0 0 0 0 0 0 0 0 0 0 0 0 0 0 0 0 0 0 0 0 0 0 0 0 0 0 0 0 0 0 0 0 0 0 0 0 0 0 0 0 0 0 0 0 0 0 0 0 0 0 0 0 0 0 0 0 0 0 0 0 0 0 0 0 0 0 0 0 0 0 0 0 0 0 0 0 0 0 0 0 0 0 0 0 0 0 0 0 0 
0 0 0 0 0 0 0 0 0 0 0 0 0 0 0 0 5.88108e-22 8.96715e-17 7.59182e-10 1.53457e-08 0.0184706 149.049 68461.9 1.32123e+09 6.13032e+14 6.84268e+30 6.4039e+17 1.96376e+11 1.81914e+08 184944 20.1076 1.75482e-05 1.53438e-08 6.32593e-16 1.15113e-18 1.45301e-21 9.6103e-24 1.98107e-32 3.36925e-37 1.11016e-40 0 0 0 0 0 0 0 0 0 0 0 0 0 0 0 0 0 0 0 0 0 0 0 0 0 0 0 0 0 0 0 0 0 0 0 0 0 0 0 0 0 0 0 0 0 0 0 0 0 0 0 0 0 0 0 0 0 0 0 0 0 0 0 0 0 0 0 0 0 0 0 0 0 0 0 0 0 0 0 0 0 0 0 0 0 0 0 0 0 0 0 0 0 0 0 0 0 
0 0 0 0 0 0 0 0 0 0 0 0 0 0 0 0 0 7.78398e-20 9.36505e-14 5.37261e-12 6.14946e-06 0.0499514 20.2381 442792 1.95897e+11 6.4039e+17 6.84268e+30 1.61651e+15 1.44802e+12 4.89269e+08 464779 0.375044 0.000336652 5.24303e-12 4.66828e-15 2.32775e-16 1.45594e-21 3.26879e-28 2.69011e-33 3.30913e-37 7.49695e-43 0 0 0 0 0 0 0 0 0 0 0 0 0 0 0 0 0 0 0 0 0 0 0 0 0 0 0 0 0 0 0 0 0 0 0 0 0 0 0 0 0 0 0 0 0 0 0 0 0 0 0 0 0 0 0 0 0 0 0 0 0 0 0 0 0 0 0 0 0 0 0 0 0 0 0 0 0 0 0 0 0 0 0 0 0 0 0 0 0 0 0 0 0 0 0 0 
0 0 0 0 0 0 0 0 0 0 0 0 0 0 0 0 0 0 1.05152e-20 3.20007e-17 2.79424e-10 1.1292e-07 4.57448e-05 54.6515 3.27981e+06 1.96376e+11 1.61651e+15 6.84268e+30 7.96989e+13 1.01132e+10 9.33875e+06 62.8267 0.00686916 9.46049e-07 3.85477e-11 6.39581e-16 1.55941e-19 7.46327e-23 1.19217e-27 1.9818e-32 6.0657e-39 5.41322e-42 0 0 0 0 0 0 0 0 0 0 0 0 0 0 0 0 0 0 0 0 0 0 0 0 0 0 0 0 0 0 0 0 0 0 0 0 0 0 0 0 0 0 0 0 0 0 0 0 0 0 0 0 0 0 0 0 0 0 0 0 0 0 0 0 0 0 0 0 0 0 0 0 0 0 0 0 0 0 0 0 0 0 0 0 0 0 0 0 0 0 0 0 0 0 0 
0 0 0 0 0 0 0 0 0 0 0 0 0 0 0 0 0 0 0 3.95282e-21 1.71684e-15 3.80474e-11 1.52579e-08 0.000123515 156.928 1.81914e+08 1.44802e+12 7.96989e+13 6.84268e+30 3.61946e+16 1.06956e+13 8.95362e+06 8110.01 0.000336693 3.22585e-07 7.97366e-10 9.36562e-14 1.05409e-20 4.87727e-25 5.91957e-29 2.44693e-36 5.9346e-39 0 0 0 0 0 0 0 0 0 0 0 0 0 0 0 0 0 0 0 0 0 0 0 0 0 0 0 0 0 0 0 0 0 0 0 0 0 0 0 0 0 0 0 0 0 0 0 0 0 0 0 0 0 0 0 0 0 0 0 0 0 0 0 0 0 0 0 0 0 0 0 0 0 0 0 0 0 0 0 0 0 0 0 0 0 0 0 0 0 0 0 0 0 0 0 
0 0 0 0 0 0 0 0 0 0 0 0 0 0 0 0 0 0 0 0 5.7932e-19 1.71852e-15 1.8945e-12 4.14752e-08 0.00707943 184944 4.89269e+08 1.01132e+10 3.61946e+16 6.84268e+30 1.74523e+18 1.99956e+11 1.78678e+08 7.43157 0.0208178 4.62841e-05 1.52784e-08 2.32732e-16 1.05409e-20 1.30061e-24 1.46392e-31 3.55329e-34 0 0 0 0 0 0 0 0 0 0 0 0 0 0 0 0 0 0 0 0 0 0 0 0 0 0 0 0 0 0 0 0 0 0 0 0 0 0 0 0 0 0 0 0 0 0 0 0 0 0 0 0 0 0 0 0 0 0 0 0 0 0 0 0 0 0 0 0 0 0 0 0 0 0 0 0 0 0 0 0 0 0 0 0 0 0 0 0 0 0 0 0 0 0 0 
0 0 0 0 0 0 0 0 0 0 0 0 0 0 0 0 0 0 0 0 2.14905e-22 1.56814e-18 6.32593e-16 1.39338e-11 6.14946e-06 20.1076 464779 9.33875e+06 1.06956e+13 1.74523e+18 6.84268e+30 5.14289e+15 3.93806e+12 164031 151.322 1.00563 4.63802e-05 5.36868e-12 8.54295e-17 1.05403e-20 3.22508e-27 2.87908e-30 0 0 0 0 0 0 0 0 0 0 0 0 0 0 0 0 0 0 0 0 0 0 0 0 0 0 0 0 0 0 0 0 0 0 0 0 0 0 0 0 0 0 0 0 0 0 0 0 0 0 0 0 0 0 0 0 0 0 0 0 0 0 0 0 0 0 0 0 0 0 0 0 0 0 0 0 0 0 0 0 0 0 0 0 0 0 0 0 0 0 0 0 0 0 0 
0 0 0 0 0 0 0 0 0 0 0 0 0 0 0 0 0 0 0 0 0 0 1.06626e-20 2.32221e-16 5.70982e-09 1.75482e-05 0.375044 62.8267 8.95362e+06 1.9998e+11 5.14289e+15 6.84268e+30 8.72726e+16 1.38904e+09 68095.2 413.955 0.0208152 2.37721e-06 2.55237e-13 1.15609e-17 1.93205e-22 9.75668e-27 0 0 0 0 0 0 0 0 0 0 0 0 0 0 0 0 0 0 0 0 0 0 0 0 0 0 0 0 0 0 0 0 0 0 0 0 0 0 0 0 0 0 0 0 0 0 0 0 0 0 0 0 0 0 0 0 0 0 0 0 0 0 0 0 0 0 0 0 0 0 0 0 0 0 0 0 0 0 0 0 0 0 0 0 0 0 0 0 0 0 0 0 0 0 0 
0 0 0 0 0 0 0 0 0 0 0 0 0 0 0 0 0 0 0 0 0 0 5.14357e-25 1.05396e-20 4.66258e-15 1.53438e-08 0.000336652 0.00686916 8110.01 1.78678e+08 3.93806e+12 8.72726e+16 6.84268e+30 8.00988e+13 7.21281e+10 4.85698e+08 22199.2 0.00248117 4.17241e-08 1.88091e-12 1.56403e-18 5.84173e-22 0 0 0 0 0 0 0 0 0 0 0 0 0 0 0 0 0 0 0 0 0 0 0 0 0 0 0 0 0 0 0 0 0 0 0 0 0 0 0 0 0 0 0 0 0 0 0 0 0 0 0 0 0 0 0 0 0 0 0 0 0 0 0 0 0 0 0 0 0 0 0 0 0 0 0 0 0 0 0 0 0 0 0 0 0 0 0 0 0 0 0 0 0 0 0 
0 0 0 0 0 0 0 0 0 0 0 0 0 0 0 0 0 0 0 0 0 0 4.69033e-28 5.26084e-22 2.87899e-20 6.32593e-16 5.24303e-12 9.46049e-07 0.000336693 7.43248 164051 1.38904e+09 8.00988e+13 6.84268e+30 1.59865e+15 2.66415e+10 3.43553e+06 8260.89 0.000123621 2.06292e-09 3.44563e-14 1.56412e-18 0 0 0 0 0 0 0 0 0 0 0 0 0 0 0 0 0 0 0 0 0 0 0 0 0 0 0 0 0 0 0 0 0 0 0 0 0 0 0 0 0 0 0 0 0 0 0 0 0 0 0 0 0 0 0 0 0 0 0 0 0 0 0 0 0 0 0 0 0 0 0 0 0 0 0 0 0 0 0 0 0 0 0 0 0 0 0 0 0 0 0 0 0 0 0 
0 0 0 0 0 0 0 0 0 0 0 0 0 0 0 0 0 0 0 0 0 0 5.0298e-35 1.21065e-27 1.14656e-23 1.15113e-18 4.66856e-15 3.85477e-11 3.22585e-07 0.0208178 151.322 68095.2 7.21281e+10 1.59865e+15 6.84268e+30 8.82582e+16 1.06943e+13 1.78635e+08 406.543 0.00674288 2.79185e-10 6.92031e-13 8.96442e-17 2.11746e-19 0 0 0 0 5.52672e-42 1.4013e-45 0 0 0 0 0 0 0 0 0 0 0 0 0 0 0 0 0 0 0 0 0 0 0 0 0 0 0 0 0 0 0 0 0 0 0 0 0 0 0 0 0 0 0 0 0 0 0 0 0 0 0 0 0 0 0 0 0 0 0 0 0 0 0 0 0 0 0 0 0 0 0 0 0 0 0 0 0 0 0 0 0 0 0 0 0 0 0 
0 0 0 0 0 0 0 0 0 0 0 0 0 0 0 0 0 0 0 0 0 0 4.58547e-38 9.86619e-34 8.74773e-28 1.45292e-21 2.32775e-16 6.39542e-16 7.97366e-10 4.62841e-05 1.00563 413.955 4.85698e+08 2.66415e+10 8.82582e+16 6.84268e+30 6.41878e+17 7.22514e+10 1.22602e+06 148.576 0.00033579 4.14348e-08 5.20668e-12 3.44584e-14 1.05409e-20 0 0 0 1.65175e-38 4.08422e-41 1.00893e-43 0 0 0 0 0 0 0 0 0 0 0 0 0 0 0 0 0 0 0 0 0 0 0 0 0 0 0 0 0 0 0 0 0 0 0 0 0 0 0 0 0 0 0 0 0 0 0 0 0 0 0 0 0 0 0 0 0 0 0 0 0 0 0 0 0 0 0 0 0 0 0 0 0 0 0 0 0 0 0 0 0 0 0 0 0 0 
0 0 0 0 0 0 0 0 0 0 0 0 0 0 0 0 0 0 0 0 0 0 5.65984e-42 1.22004e-37 5.38446e-32 9.6103e-24 1.45594e-21 1.55941e-19 9.36505e-14 1.52784e-08 4.63802e-05 0.0208152 22199.2 3.43553e+06 1.06943e+13 6.41878e+17 6.84268e+30 2.25605e+14 3.59675e+09 1.20393e+06 0.0498722 0.000123515 4.14752e-08 3.78714e-11 1.31226e-17 0 0 0 1.89736e-35 1.23963e-37 1.50415e-41 0 0 0 0 0 0 0 0 0 0 0 0 0 0 0 0 0 0 0 0 0 0 0 0 0 0 0 0 0 0 0 0 0 0 0 0 0 0 0 0 0 0 0 0 0 0 0 0 0 0 0 0 0 0 0 0 0 0 0 0 0 0 0 0 0 0 0 0 0 0 0 0 0 0 0 0 0 0 0 0 0 0 0 0 0 0 
0 0 0 0 0 0 0 0 0 0 0 0 0 0 0 0 0 0 0 0 0 0 0 4.09305e-41 4.91059e-35 1.98107e-32 3.26879e-28 7.46282e-23 1.05409e-20 2.32732e-16 5.36868e-12 2.37692e-06 0.00248117 8260.89 1.78635e+08 7.22514e+10 2.25605e+14 6.84268e+30 7.92914e+13 1.31994e+09 2988.61 1.00073 1.6718e-05 1.52784e-08 3.50866e-14 4.25484e-18 1.46056e-21 0 1.1769e-30 9.86137e-34 6.64698e-36 2.03749e-42 0 0 0 0 0 0 0 0 0 0 0 0 0 0 0 0 0 0 0 0 0 0 0 0 0 0 0 0 0 0 0 0 0 0 0 0 0 0 0 0 0 0 0 0 0 0 0 0 0 0 0 0 0 0 0 0 0 0 0 0 0 0 0 0 0 0 0 0 0 0 0 0 0 0 0 0 0 0 0 0 0 0 0 0 0 
0 0 0 0 0 0 0 0 0 0 0 0 0 0 0 0 0 0 0 0 0 0 0 0 1.1111e-40 3.36925e-37 2.69011e-33 1.19217e-27 4.87727e-25 1.05409e-20 8.54295e-17 2.55237e-13 4.17241e-08 0.000123621 406.543 1.22602e+06 3.59675e+09 7.92914e+13 6.84268e+30 3.18793e+16 3.59675e+09 8.89262e+06 1.0011 0.000912661 1.52411e-08 6.92623e-13 8.56122e-17 7.78398e-20 2.7424e-23 6.47577e-26 2.6806e-33 6.07607e-39 1.4013e-44 0 0 0 0 0 0 0 0 0 0 0 0 0 0 0 0 0 0 0 0 0 0 0 0 0 0 0 0 0 0 0 0 0 0 0 0 0 0 0 0 0 0 0 0 0 0 0 0 0 0 0 0 0 0 0 0 0 0 0 0 0 0 0 0 0 0 0 0 0 0 0 0 0 0 0 0 0 0 0 0 0 0 0 0 
0 0 0 0 0 0 0 0 0 0 0 0 0 0 0 0 0 0 0 0 0 0 0 0 0 1.11016e-40 3.30913e-37 1.9818e-32 5.91921e-29 1.30061e-24 1.05403e-20 1.15609e-17 1.88091e-12 2.06292e-09 0.00674288 148.576 1.20393e+06 1.31994e+09 3.18793e+16 6.84268e+30 7.97573e+13 1.95873e+11 22064.1 20.1003 0.000335749 1.02719e-10 1.88159e-12 1.716e-15 2.86602e-20 5.26052e-22 6.19836e-29 1.80639e-35 4.4776e-38 2.74654e-43 0 0 0 0 0 0 0 0 0 0 0 0 0 0 0 0 0 0 0 0 0 0 0 0 0 0 0 0 0 0 0 0 0 0 0 0 0 0 0 0 0 0 0 0 0 0 0 0 0 0 0 0 0 0 0 0 0 0 0 0 0 0 0 0 0 0 0 0 0 0 0 0 0 0 0 0 0 0 0 0 0 0 0 
0 0 0 0 0 0 0 0 0 0 0 0 0 0 0 0 0 0 0 0 0 0 0 0 0 0 7.49695e-43 6.0657e-39 2.44678e-36 1.46374e-31 3.22488e-27 1.93205e-22 1.56403e-18 3.44542e-14 2.79185e-10 0.00033579 0.0498722 2988.61 3.59675e+09 7.97573e+13 6.84268e+30 4.31439e+15 8.90131e+06 8110.01 1.00085 2.26254e-06 5.62129e-09 9.42871e-14 1.72735e-15 2.86497e-20 3.60011e-24 2.68093e-33 4.4776e-38 4.09277e-41 0 0 0 0 0 0 0 0 0 0 0 0 0 0 0 0 0 0 0 0 0 0 0 0 0 0 0 0 0 0 0 0 0 0 0 0 0 0 0 0 0 0 0 0 0 0 0 0 0 0 0 0 0 0 0 0 0 0 0 0 0 0 0 0 0 0 0 0 0 0 0 0 0 0 0 0 0 0 0 0 0 0 0 
0 0 0 0 0 0 0 0 0 0 0 0 0 0 0 0 0 0 0 0 0 0 0 0 0 0 0 5.52672e-42 6.07496e-39 3.62824e-34 2.93981e-30 8.76346e-27 5.84173e-22 1.56403e-18 6.92031e-13 4.14348e-08 0.000123515 1.00073 8.89262e+06 1.95873e+11 4.31439e+15 6.84268e+30 1.07074e+13 3.59675e+09 442738 0.0499575 0.00033657 2.26226e-06 2.06292e-09 9.36677e-14 2.87197e-20 3.24621e-27 1.53698e-31 4.91029e-35 8.35053e-40 4.34403e-44 0 0 0 0 0 0 0 0 0 0 0 0 0 0 0 0 0 0 0 0 0 0 0 0 0 0 0 0 0 0 0 0 0 0 0 0 0 0 0 0 0 0 0 0 0 0 0 0 0 0 0 0 0 0 0 0 0 0 0 0 0 0 0 0 0 0 0 0 0 0 0 0 0 0 0 0 0 0 0 0 0 
0 0 0 0 0 0 0 0 0 0 0 0 0 0 0 0 0 0 0 0 0 0 0 0 0 0 0 0 7.60905e-43 2.56608e-36 9.92902e-34 4.17718e-31 0 0 8.96442e-17 5.20668e-12 4.14752e-08 1.6718e-05 1.0011 22064.1 8.90131e+06 1.07074e+13 6.84268e+30 5.84032e+14 1.95897e+11 168.709 57.3582 0.0183313 2.06544e-09 5.21145e-12 1.72693e-15 5.75514e-19 9.7861e-24 4.39273e-28 1.33492e-34 8.99625e-37 1.22329e-40 0 0 0 0 0 0 0 0 0 0 0 0 0 0 0 0 0 0 0 0 0 0 0 0 0 0 0 0 0 0 0 0 0 0 0 0 0 0 0 0 0 0 0 0 0 0 0 0 0 0 0 0 0 0 0 0 0 0 0 0 0 0 0 0 0 0 0 0 0 0 0 0 0 0 0 0 0 0 0 0 
0 0 0 0 0 0 0 0 0 0 0 0 0 0 0 0 0 0 0 0 0 0 0 0 0 0 0 0 1.4013e-45 1.11098e-40 2.56639e-36 9.92902e-34 0 0 2.11642e-19 3.44584e-14 3.78714e-11 1.52784e-08 0.000912661 20.1003 8110.01 3.59675e+09 5.84032e+14 6.84268e+30 1.58718e+15 9.78533e+09 4.85995e+08 59925.3 0.00674618 6.15022e-06 2.06292e-09 2.32179e-16 3.89011e-21 2.63043e-23 1.18934e-27 1.0043e-33 4.51493e-38 2.39626e-40 0 0 0 0 0 0 0 0 0 0 0 0 0 0 0 0 0 0 0 0 0 0 0 0 0 0 0 0 0 0 0 0 0 0 0 0 0 0 0 0 0 0 0 0 0 0 0 0 0 0 0 0 0 0 0 0 0 0 0 0 0 0 0 0 0 0 0 0 0 0 0 0 0 0 0 0 0 0 0 
0 0 0 0 0 0 0 0 0 0 0 0 0 0 0 0 0 0 0 0 0 0 0 0 0 0 0 0 0 0 5.62621e-42 9.36586e-40 0 0 0 1.05152e-20 1.31226e-17 3.50866e-14 1.52411e-08 0.000335749 1.00085 442738 1.95897e+11 1.58718e+15 6.84268e+30 5.33153e+11 7.21104e+10 9.33647e+06 151.266 0.0498296 2.26281e-06 1.39917e-11 2.32179e-16 1.05428e-20 1.79261e-25 2.21212e-29 1.98265e-32 3.396e-38 0 0 0 0 0 0 0 0 0 0 0 0 0 0 0 0 0 0 0 0 0 0 0 0 0 0 0 0 0 0 0 0 0 0 0 0 0 0 0 0 0 0 0 0 0 0 0 0 0 0 0 0 0 0 0 0 0 0 0 0 0 0 0 0 0 0 0 0 0 0 0 0 0 0 0 0 0 0 0 
0 0 0 0 0 0 0 0 0 0 0 0 0 0 0 0 0 0 0 0 0 0 0 0 0 0 0 0 0 0 0 1.54143e-44 0 0 0 0 0 4.25458e-18 6.92623e-13 1.02719e-10 2.26254e-06 0.0499575 168.709 9.78533e+09 5.33153e+11 6.84268e+30 6.12957e+14 1.95897e+11 3.27301e+06 406.494 0.0498296 1.52449e-08 4.74904e-15 3.15046e-17 3.87826e-21 3.22527e-27 3.48008e-32 2.79548e-34 0 0 0 0 0 0 0 0 0 0 0 0 0 0 0 0 0 0 0 0 0 0 0 0 0 0 0 0 0 0 0 0 0 0 0 0 0 0 0 0 0 0 0 0 0 0 0 0 0 0 0 0 0 0 0 0 0 0 0 0 0 0 0 0 0 0 0 0 0 0 0 0 0 0 0 0 0 0 0 
0 0 0 0 0 0 0 0 0 0 0 0 0 0 0 0 0 0 0 0 0 0 0 0 0 0 0 0 0 0 0 0 0 0 0 0 0 1.46172e-21 8.56122e-17 1.88159e-12 5.62129e-09 0.00033657 57.3582 4.85995e+08 7.21104e+10 6.12957e+14 6.84268e+30 1.74055e+18 7.22426e+10 1.78678e+08 442792 0.00674371 1.14685e-07 7.60759e-10 1.26781e-14 2.86532e-20 1.37196e-24 4.89952e-26 0 0 0 0 0 0 0 0 0 0 0 0 0 0 0 0 0 0 0 0 0 0 0 0 0 0 0 0 0 0 0 0 0 0 0 0 0 0 0 0 0 0 0 0 0 0 0 0 0 0 0 0 0 0 0 0 0 0 0 0 0 0 0 0 0 0 0 0 0 0 0 0 0 0 0 0 0 0 0 
0 0 0 0 0 0 0 0 0 0 0 0 0 0 0 0 0 0 0 0 0 0 0 0 0 0 0 0 0 0 0 0 0 0 0 0 0 0 7.78493e-20 1.716e-15 9.42871e-14 2.26199e-06 0.0183291 59925.3 9.33533e+06 1.95897e+11 1.74055e+18 6.84268e+30 2.25715e+14 3.93421e+12 6.57723e+07 22.8211 0.000912884 2.2642e-06 3.96598e-11 2.36383e-16 1.42978e-21 1.07256e-23 0 0 0 0 0 0 0 0 0 0 0 0 0 0 0 0 0 0 0 0 0 0 0 0 0 0 0 0 0 0 0 0 0 0 0 0 0 0 0 0 0 0 0 0 0 0 0 0 0 0 0 0 0 0 0 0 0 0 0 0 0 0 0 0 0 0 0 0 0 0 0 0 0 0 0 0 0 0 0 
0 0 0 0 0 0 0 0 0 0 0 0 0 0 0 0 0 0 0 0 0 0 0 0 0 0 0 0 0 0 0 0 0 0 0 0 0 0 2.74157e-23 2.86602e-20 1.72735e-15 2.06292e-09 2.06544e-09 0.00674618 151.266 3.27301e+06 7.22426e+10 2.25715e+14 6.84268e+30 4.31492e+15 3.61171e+09 8163.65 0.00674782 2.26807e-06 2.93084e-10 4.75193e-15 2.87793e-20 0 0 0 0 0 0 0 0 0 0 0 0 0 0 0 0 0 0 0 0 0 0 0 0 0 0 0 0 0 0 0 0 0 0 0 0 0 0 0 0 0 0 0 0 0 0 0 0 0 0 0 0 0 0 0 0 0 0 0 0 0 0 0 0 0 0 0 0 0 0 0 0 0 0 0 0 0 0 0 0 
0 0 0 0 0 0 0 0 0 0 0 0 0 0 0 0 0 0 0 0 0 0 0 0 0 0 0 0 0 0 0 0 0 0 0 0 0 0 6.47023e-26 5.26052e-22 2.86497e-20 9.36677e-14 5.21145e-12 6.14946e-06 0.0498296 406.494 1.78678e+08 3.93469e+12 4.31492e+15 6.84268e+30 5.84103e+14 1.78613e+08 8129.83 2.72127 0.000123515 7.5909e-10 5.29405e-15 1.1568e-17 1.05152e-20 0 0 0 0 0 0 0 0 0 0 0 0 0 0 0 0 0 0 0 0 0 0 0 0 0 0 0 0 0 0 0 0 0 0 0 0 0 0 0 0 0 0 0 0 0 0 0 0 0 0 0 0 0 0 0 0 0 0 0 0 0 0 0 0 0 0 0 0 0 0 0 0 0 0 0 0 0 0 
0 0 0 0 0 0 0 0 0 0 0 0 0 0 0 0 0 0 0 0 0 0 0 0 0 0 0 0 0 0 0 0 0 0 0 0 0 0 2.67847e-33 6.19836e-29 3.60011e-24 2.87179e-20 1.72672e-15 2.06292e-09 2.26281e-06 0.0498235 442738 6.57723e+07 3.61171e+09 5.84103e+14 6.84268e+30 1.07257e+13 1.78657e+08 162914 2.7719 4.5756e-05 2.06367e-09 1.39117e-11 3.29923e-17 3.94655e-21 0 0 0 0 4.08282e-41 0 0 0 0 0 0 0 0 0 0 0 0 0 0 0 0 0 0 0 0 0 0 0 0 0 0 0 0 0 0 0 0 0 0 0 0 0 0 0 0 0 0 0 0 0 0 0 0 0 0 0 0 0 0 0 0 0 0 0 0 0 0 0 0 0 0 0 0 0 0 0 0 
0 0 0 0 0 0 0 0 0 0 0 0 0 0 0 0 0 0 0 0 0 0 0 0 0 0 0 0 0 0 0 0 0 0 0 0 0 0 6.05645e-39 1.80661e-35 2.68125e-33 3.24661e-27 5.75514e-19 2.32179e-16 1.39935e-11 1.52449e-08 0.00674371 22.8211 8163.65 1.78613e+08 1.07257e+13 6.84268e+30 1.58776e+15 4.85639e+08 61040.1 411.536 0.0024833 2.06418e-09 1.89381e-12 3.44837e-14 1.05152e-20 0 0 0 4.4776e-38 1.10703e-43 1.4013e-44 0 0 0 0 0 0 0 0 0 0 0 0 0 0 0 0 0 0 0 0 0 0 0 0 0 0 0 0 0 0 0 0 0 0 0 0 0 0 0 0 0 0 0 0 0 0 0 0 0 0 0 0 0 0 0 0 0 0 0 0 0 0 0 0 0 0 0 0 0 0 
0 0 0 0 0 0 0 0 0 0 0 0 0 0 0 0 0 0 0 0 0 0 0 0 0 0 0 0 0 0 0 0 0 0 0 0 0 0 1.4013e-44 4.4776e-38 4.47733e-38 1.53698e-31 9.7861e-24 3.89011e-21 2.32179e-16 4.74874e-15 1.14685e-07 0.000912996 0.00674782 8129.83 1.78657e+08 1.58795e+15 6.84268e+30 2.15879e+14 9.75313e+09 6.57402e+07 1160.26 0.000921055 1.12907e-07 1.459e-11 1.27052e-14 1.46035e-22 0 0 2.01707e-32 6.05978e-39 3.29433e-38 1.4013e-45 0 0 0 0 0 0 0 0 0 0 0 0 0 0 0 0 0 0 0 0 0 0 0 0 0 0 0 0 0 0 0 0 0 0 0 0 0 0 0 0 0 0 0 0 0 0 0 0 0 0 0 0 0 0 0 0 0 0 0 0 0 0 0 0 0 0 0 0 0 
0 0 0 0 0 0 0 0 0 0 0 0 0 0 0 0 0 0 0 0 0 0 0 0 0 0 0 0 0 0 0 0 0 0 0 0 0 0 0 2.74654e-43 4.09277e-41 4.91029e-35 4.39219e-28 2.63011e-23 1.05428e-20 3.15027e-17 7.60666e-10 2.2642e-06 2.26779e-06 2.72127 162914 4.85639e+08 2.15879e+14 6.84268e+30 3.18832e+16 2.6515e+10 3.3539e+06 8219.64 0.370674 4.62671e-05 1.12618e-07 1.72714e-15 1.15567e-17 0 4.79638e-25 1.98095e-32 2.46086e-36 9.15858e-37 5.60519e-45 0 0 0 0 0 0 0 0 0 0 0 0 0 0 0 0 0 0 0 0 0 0 0 0 0 0 0 0 0 0 0 0 0 0 0 0 0 0 0 0 0 0 0 0 0 0 0 0 0 0 0 0 0 0 0 0 0 0 0 0 0 0 0 0 0 0 0 0 
0 0 0 0 0 0 0 0 0 0 0 0 0 0 0 0 0 0 0 0 0 0 0 0 0 0 0 0 0 0 0 0 0 0 0 0 0 0 0 0 0 8.35002e-40 1.33484e-34 1.18927e-27 1.79261e-25 3.87778e-21 1.26773e-14 3.96598e-11 2.93048e-10 0.000123515 2.7719 61040.1 9.75313e+09 3.18832e+16 6.84268e+30 2.20244e+14 9.78056e+09 2.42939e+07 3039.01 1.00416 0.000336529 3.96985e-11 2.59479e-13 7.81779e-20 1.42638e-21 1.7692e-28 1.98168e-32 4.91149e-35 2.23985e-40 0 0 0 0 0 0 0 0 0 0 0 0 0 0 0 0 0 0 0 0 0 0 0 0 0 0 0 0 0 0 0 0 0 0 0 0 0 0 0 0 0 0 0 0 0 0 0 0 0 0 0 0 0 0 0 0 0 0 0 0 0 0 0 0 0 0 0 0 
0 0 0 0 0 0 0 0 0 0 0 0 0 0 0 0 0 0 0 0 0 0 0 0 0 0 0 0 0 0 0 0 0 0 0 0 0 0 0 0 0 4.34403e-44 8.9957e-37 1.00424e-33 2.21198e-29 3.22508e-27 2.86497e-20 2.36383e-16 4.75193e-15 7.5909e-10 4.5756e-05 411.536 6.57402e+07 2.6515e+10 2.20244e+14 6.84268e+30 3.21019e+16 7.21104e+10 2.42377e+07 1099.45 0.369049 4.17241e-08 7.6467e-10 1.97937e-12 5.75444e-19 1.33373e-24 4.79668e-25 5.38511e-32 3.31641e-37 2.03609e-42 5.60519e-45 0 0 0 0 0 0 0 0 0 0 0 0 0 0 0 0 0 0 0 0 0 0 0 0 0 0 0 0 0 0 0 0 0 0 0 0 0 0 0 0 0 0 0 0 0 0 0 0 0 0 0 0 0 0 0 0 0 0 0 0 0 0 0 0 0 0 
0 0 0 0 0 0 0 0 0 0 0 0 0 0 0 0 0 0 0 0 0 0 0 0 0 0 0 0 0 0 0 0 0 0 0 0 0 0 0 0 0 0 1.2602e-40 4.51906e-38 1.98349e-32 3.99919e-32 1.36528e-24 1.42987e-21 2.90051e-20 5.29405e-15 2.06367e-09 0.0024833 1160.26 3.3539e+06 9.78056e+09 3.21019e+16 6.84268e+30 1.20234e+16 1.964e+11 2.46193e+07 22045.3 0.00091881 1.67139e-05 4.7055e-08 1.97479e-12 1.05396e-20 1.07318e-20 2.50151e-26 5.38479e-32 4.4776e-38 5.52532e-42 0 0 0 0 0 0 0 0 0 0 0 0 0 0 0 0 0 0 0 0 0 0 0 0 0 0 0 0 0 0 0 0 0 0 0 0 0 0 0 0 0 0 0 0 0 0 0 0 0 0 0 0 0 0 0 0 0 0 0 0 0 0 0 0 0 0 
0 0 0 0 0 0 0 0 0 0 0 0 0 0 0 0 0 0 0 0 0 0 0 0 0 0 0 0 0 0 0 0 0 0 0 0 0 0 0 0 0 0 0 3.16737e-40 4.51879e-38 3.71927e-34 6.59382e-26 9.67681e-24 0 1.1568e-17 1.39117e-11 2.06418e-09 0.000921055 8219.64 2.42939e+07 7.21104e+10 1.20234e+16 6.84268e+30 2.37231e+17 2.91448e+13 2.65215e+10 3038.27 20.1027 6.19013e-06 3.12507e-07 1.27075e-14 1.56785e-18 1.07318e-20 2.38288e-26 7.28751e-33 2.44439e-36 3.01662e-40 0 0 0 0 0 0 0 0 0 0 0 0 0 0 0 0 0 0 0 0 0 0 0 0 0 0 0 0 0 0 0 0 0 0 0 0 0 0 0 0 0 0 0 0 0 0 0 0 0 0 0 0 0 0 0 0 0 0 0 0 0 0 0 0 0 
0 0 0 0 0 0 0 0 0 0 0 0 0 0 0 0 0 0 0 0 0 0 0 0 0 0 0 0 0 0 0 0 0 0 0 0 0 0 0 0 0 0 0 5.60519e-45 7.8753e-43 2.45096e-36 1.46731e-31 2.37208e-27 0 1.05191e-20 3.29923e-17 1.89381e-12 1.12907e-07 0.370674 3039.38 2.42377e+07 1.964e+11 2.37231e+17 6.84268e+30 2.37753e+17 1.07677e+13 1.90947e+08 162954 0.0510798 4.54776e-05 6.37988e-09 1.27067e-14 4.25562e-18 3.71439e-24 6.01279e-29 7.28707e-33 1.21714e-37 2.76056e-43 0 0 0 0 0 0 0 0 0 0 0 0 0 0 0 0 0 0 0 0 0 0 0 0 0 0 0 0 0 0 0 0 0 0 0 0 0 0 0 0 0 0 0 0 0 0 0 0 0 0 0 0 0 0 0 0 0 0 0 0 0 0 0 0 
0 0 0 0 0 0 0 0 0 0 0 0 0 0 0 0 0 0 0 0 0 0 0 0 0 0 0 0 0 0 0 0 0 0 0 0 0 0 0 0 0 0 0 0 0 1.13012e-40 1.83989e-35 5.42139e-32 0 0 3.94366e-21 3.44837e-14 1.459e-11 4.62671e-05 1.00416 1099.45 2.46193e+07 2.91448e+13 2.37753e+17 6.84268e+30 3.24684e+16 1.97699e+11 4.8897e+08 163.738 0.135782 3.08226e-07 5.47925e-12 1.27075e-14 1.061e-20 2.38463e-26 7.99319e-30 3.62846e-34 3.01772e-40 0 0 0 0 0 0 0 0 0 0 0 0 0 0 0 0 0 0 0 0 0 0 0 0 0 0 0 0 0 0 0 0 0 0 0 0 0 0 0 0 0 0 0 0 0 0 0 0 0 0 0 0 0 0 0 0 0 0 0 0 0 0 0 0 
0 0 0 0 0 0 0 0 0 0 0 0 0 0 0 0 0 0 0 0 0 0 0 0 0 0 0 0 0 0 0 0 0 0 0 0 0 0 0 0 0 0 0 0 0 1.4013e-45 1.64722e-38 4.94367e-35 0 0 0 1.05152e-20 1.27052e-14 1.12618e-07 0.000336529 0.369049 22045.3 2.65215e+10 1.07677e+13 3.24684e+16 6.84268e+30 2.15905e+14 5.32958e+11 165924 8171.62 0.000914781 1.12645e-07 2.06292e-09 6.32555e-16 5.24865e-22 1.7618e-25 5.91018e-29 2.44469e-36 0 0 0 0 0 0 0 0 0 0 0 0 0 0 0 0 0 0 0 0 0 0 0 0 0 0 0 0 0 0 0 0 0 0 0 0 0 0 0 0 0 0 0 0 0 0 0 0 0 0 0 0 0 0 0 0 0 0 0 0 0 0 0 0 
0 0 0 0 0 0 0 0 0 0 0 0 0 0 0 0 0 0 0 0 0 0 0 0 0 0 0 0 0 0 0 0 0 0 0 0 0 0 0 0 0 0 0 0 0 1.4013e-45 1.4013e-45 5.81539e-42 0 0 0 0 1.46409e-22 1.72703e-15 3.96985e-11 4.17241e-08 0.00091881 3038.27 1.90947e+08 1.97699e+11 2.15905e+14 6.84268e+30 4.32599e+15 4.95641e+08 442846 3038.27 1.67568e-05 1.52486e-08 7.26394e-13 1.56804e-18 1.93028e-22 3.53543e-24 2.17755e-29 0 0 0 0 0 0 0 0 0 0 0 0 0 0 0 0 0 0 0 0 0 0 0 0 0 0 0 0 0 0 0 0 0 0 0 0 0 0 0 0 0 0 0 0 0 0 0 0 0 0 0 0 0 0 0 0 0 0 0 0 0 0 0 0 
0 0 0 0 0 0 0 0 0 0 0 0 0 0 0 0 0 0 0 0 0 0 0 0 0 0 0 0 0 0 0 0 0 0 0 0 0 0 0 0 0 0 0 0 0 0 0 3.78351e-44 0 0 0 0 0 1.15567e-17 2.59479e-13 7.6467e-10 1.67139e-05 20.1027 162954 4.8897e+08 5.32958e+11 4.32599e+15 6.84268e+30 3.19182e+16 1.44732e+12 3.33431e+06 54.7851 0.0498235 1.12618e-07 2.54568e-13 8.5393e-17 1.42621e-21 3.23178e-27 0 0 0 0 0 0 0 0 0 0 0 0 0 0 0 0 0 0 0 0 0 0 0 0 0 0 0 0 0 0 0 0 0 0 0 0 0 0 0 0 0 0 0 0 0 0 0 0 0 0 0 0 0 0 0 0 0 0 0 0 0 0 0 0 
0 0 0 0 0 0 0 0 0 0 0 0 0 0 0 0 0 0 0 0 0 0 0 0 0 0 0 0 0 0 0 0 0 0 0 0 0 0 0 0 0 0 0 0 0 0 0 0 0 0 0 0 0 0 7.82017e-20 1.97961e-12 4.70608e-08 6.19089e-06 0.0510798 163.738 165945 4.95641e+08 3.19182e+16 6.84268e+30 6.12957e+14 1.32867e+09 1.87574e+08 20.1101 0.000336529 7.59553e-10 2.546e-13 2.11681e-19 4.77448e-25 0 0 0 0 0 0 0 0 0 0 0 0 0 0 0 0 0 0 0 0 0 0 0 0 0 0 0 0 0 0 0 0 0 0 0 0 0 0 0 0 0 0 0 0 0 0 0 0 0 0 0 0 0 0 0 0 0 0 0 0 0 0 0 0 
0 0 0 0 0 0 0 0 0 0 0 0 0 0 0 0 0 0 0 0 0 0 0 0 0 0 0 0 0 0 0 0 0 0 0 0 0 0 0 0 0 0 0 0 0 0 0 0 0 0 0 0 0 0 1.42569e-21 5.75479e-19 1.97479e-12 3.12507e-07 4.54776e-05 0.135782 8171.62 442846 1.44732e+12 6.12957e+14 6.84268e+30 5.83961e+14 7.20664e+10 1.32883e+09 403.872 0.000335872 4.14348e-08 3.7779e-11 5.79214e-19 0 0 0 0 0 0 0 0 0 0 0 0 0 0 0 0 0 0 0 0 0 0 0 0 0 0 0 0 0 0 0 0 0 0 0 0 0 0 0 0 0 0 0 0 0 0 0 0 0 0 0 0 0 0 0 0 0 0 0 0 0 0 0 0 
0 0 0 0 0 0 0 0 0 0 0 0 0 0 0 0 0 0 0 0 0 0 0 0 0 0 0 0 0 0 0 0 0 0 0 0 0 0 0 0 0 0 0 0 0 0 0 0 0 0 0 0 0 0 1.68386e-28 1.33381e-24 1.05403e-20 1.27091e-14 6.38065e-09 3.08226e-07 0.000914892 3038.27 3.33431e+06 1.32883e+09 5.83889e+14 6.84268e+30 1.06995e+13 3.59104e+09 185147 20.2381 0.00248087 4.14348e-08 9.42871e-14 3.1422e-17 0 0 0 0 0 0 0 0 0 0 0 0 0 0 0 0 0 0 0 0 0 0 0 0 0 0 0 0 0 0 0 0 0 0 0 0 0 0 0 0 0 0 0 0 0 0 0 0 0 0 0 0 0 0 0 0 0 0 0 0 0 0 0 
0 0 0 0 0 0 0 0 0 0 0 0 0 0 0 0 0 0 0 0 0 0 0 0 0 0 0 0 0 0 0 0 0 0 0 0 0 0 0 0 0 0 0 0 0 0 0 0 0 0 0 0 0 0 1.97998e-32 4.79668e-25 1.07324e-20 1.56804e-18 1.27075e-14 5.47958e-12 1.12645e-07 1.67568e-05 54.7851 1.87574e+08 7.20664e+10 1.06995e+13 6.84268e+30 5.83961e+14 3.58798e+09 442846 2.72759 6.15022e-06 1.39032e-11 1.1568e-17 4.0425e-22 0 0 0 0 0 0 0 0 0 0 0 0 0 0 0 0 0 0 0 0 0 0 0 0 0 0 0 0 0 0 0 0 0 0 0 0 0 0 0 0 0 0 0 0 0 0 0 0 0 0 0 0 0 0 0 0 0 0 0 0 0 0 
0 0 0 0 0 0 0 0 0 0 0 0 0 0 0 0 0 0 0 0 0 0 0 0 0 0 0 0 0 0 0 0 0 0 0 0 0 0 0 0 0 0 0 0 0 0 0 0 0 0 0 0 0 0 4.90609e-35 5.38511e-32 2.50151e-26 1.07318e-20 4.25562e-18 1.27075e-14 2.06317e-09 1.52467e-08 0.0498235 20.1101 1.32883e+09 3.59104e+09 5.83961e+14 6.84268e+30 5.84032e+14 1.3201e+09 162914 2983.14 6.14871e-06 2.54568e-13 1.56365e-18 3.96988e-22 0 0 0 0 2.03749e-42 1.4013e-45 0 0 0 0 0 0 0 0 0 0 0 0 0 0 0 0 0 0 0 0 0 0 0 0 0 0 0 0 0 0 0 0 0 0 0 0 0 0 0 0 0 0 0 0 0 0 0 0 0 0 0 0 0 0 0 
0 0 0 0 0 0 0 0 0 0 0 0 0 0 0 0 0 0 0 0 0 0 0 0 0 0 0 0 0 0 0 0 0 0 0 0 0 0 0 0 0 0 0 0 0 0 0 0 0 0 0 0 0 0 1.10895e-40 3.31661e-37 5.38479e-32 2.38288e-26 3.71484e-24 1.061e-20 6.32593e-16 7.26438e-13 1.12618e-07 0.00033657 403.872 185147 3.58754e+09 5.84032e+14 6.84268e+30 3.05472e+13 3.58754e+09 442738 0.142229 4.14398e-08 9.53636e-14 3.14182e-17 2.85833e-20 0 0 0 1.64802e-38 2.03749e-42 0 0 0 0 0 0 0 0 0 0 0 0 0 0 0 0 0 0 0 0 0 0 0 0 0 0 0 0 0 0 0 0 0 0 0 0 0 0 0 0 0 0 0 0 0 0 0 0 0 0 0 0 0 0 0 
0 0 0 0 0 0 0 0 0 0 0 0 0 0 0 0 0 0 0 0 0 0 0 0 0 0 0 0 0 0 0 0 0 0 0 0 0 0 0 0 0 0 0 0 0 0 0 0 0 0 0 0 0 0 0 2.03469e-42 4.4776e-38 7.28796e-33 6.01316e-29 2.38448e-26 5.24865e-22 1.56804e-18 2.54584e-13 7.59553e-10 0.000335872 20.2381 442846 1.3201e+09 3.05472e+13 6.84268e+30 6.40312e+17 4.85521e+08 1097.97 2.72027 2.30435e-06 5.6069e-09 1.71579e-15 2.11603e-19 0 0 6.662e-36 1.64742e-38 2.03328e-42 0 0 0 0 0 0 0 0 0 0 0 0 0 0 0 0 0 0 0 0 0 0 0 0 0 0 0 0 0 0 0 0 0 0 0 0 0 0 0 0 0 0 0 0 0 0 0 0 0 0 0 0 0 0 
0 0 0 0 0 0 0 0 0 0 0 0 0 0 0 0 0 0 0 0 0 0 0 0 0 0 0 0 0 0 0 0 0 0 0 0 0 0 0 0 0 0 0 0 0 0 0 0 0 0 0 0 0 0 0 5.60519e-45 5.52532e-42 2.44454e-36 7.28751e-33 7.99368e-30 1.7618e-25 1.9304e-22 8.53982e-17 2.54615e-13 4.14348e-08 0.00248087 2.72759 162914 3.58754e+09 6.40312e+17 6.84268e+30 4.13159e+12 3.27141e+06 22042.6 0.0183761 4.63123e-05 7.0637e-13 1.716e-15 3.97036e-22 0 1.46552e-31 2.68125e-33 1.64732e-38 2.74654e-43 0 0 0 0 0 0 0 0 0 0 0 0 0 0 0 0 0 0 0 0 0 0 0 0 0 0 0 0 0 0 0 0 0 0 0 0 0 0 0 0 0 0 0 0 0 0 0 0 0 0 0 0 0 
0 0 0 0 0 0 0 0 0 0 0 0 0 0 0 0 0 0 0 0 0 0 0 0 0 0 0 0 0 0 0 0 0 0 0 0 0 0 0 0 0 0 0 0 0 0 0 0 0 0 0 0 0 0 0 0 0 3.0168e-40 1.21729e-37 3.62868e-34 5.91018e-29 3.53565e-24 1.4263e-21 2.11694e-19 3.7779e-11 4.14348e-08 6.15022e-06 2983.14 442738 4.85521e+08 4.13159e+12 6.84268e+30 2.14801e+14 442738 0.0499514 1.75632e-05 4.63123e-05 1.02694e-10 6.62588e-16 1.56804e-18 7.10761e-23 7.99856e-30 3.63178e-34 6.06052e-39 1.00893e-43 0 0 0 0 0 0 0 0 0 0 0 0 0 0 0 0 0 0 0 0 0 0 0 0 0 0 0 0 0 0 0 0 0 0 0 0 0 0 0 0 0 0 0 0 0 0 0 0 0 0 0 0 
0 0 0 0 0 0 0 0 0 0 0 0 0 0 0 0 0 0 0 0 0 0 0 0 0 0 0 0 0 0 0 0 0 0 0 0 0 0 0 0 0 0 0 0 0 0 0 0 0 0 0 0 0 0 0 0 0 0 2.76056e-43 3.01791e-40 2.44499e-36 2.17769e-29 3.23198e-27 4.78556e-25 5.79108e-19 9.42871e-14 1.39032e-11 6.14871e-06 0.142229 1097.97 3.27141e+06 2.14801e+14 6.84268e+30 1.96376e+11 3003.6 20.1003 20.1003 6.19089e-06 2.54615e-13 6.92031e-13 5.7932e-19 1.36878e-24 4.3636e-28 2.68093e-33 2.2294e-39 2.74654e-43 0 0 0 0 0 0 0 0 0 0 0 0 0 0 0 0 0 0 0 0 0 0 0 0 0 0 0 0 0 0 0 0 0 0 0 0 0 0 0 0 0 0 0 0 0 0 0 0 0 0 0 
0 0 0 0 0 0 0 0 0 0 0 0 0 0 0 0 0 0 0 0 0 0 0 0 0 0 0 0 0 0 0 0 0 0 0 0 0 0 0 0 0 0 0 0 0 0 0 0 0 0 0 0 0 0 0 0 0 0 0 0 1.00893e-43 3.30893e-37 3.69484e-34 1.08189e-30 0 3.1422e-17 1.1568e-17 2.54568e-13 4.14398e-08 2.72027 22042.6 442738 1.96376e+11 6.84268e+30 5.32633e+11 2.65085e+10 2983.14 0.0183761 1.52449e-08 1.02694e-10 8.56122e-17 1.05422e-20 1.4263e-21 3.22409e-27 7.28751e-33 2.44469e-36 4.08282e-41 0 0 0 0 0 0 0 0 0 0 0 0 0 0 0 0 0 0 0 0 0 0 0 0 0 0 0 0 0 0 0 0 0 0 0 0 0 0 0 0 0 0 0 0 0 0 0 0 0 0 
0 0 0 0 0 0 0 0 0 0 0 0 0 0 0 0 0 0 0 0 0 0 0 0 0 0 0 0 0 0 0 0 0 0 0 0 0 0 0 0 0 0 0 0 0 0 0 0 0 0 0 0 0 0 0 0 0 0 0 0 0 0 1.10988e-40 1.80639e-35 0 0 3.96988e-22 1.56365e-18 9.53636e-14 2.30435e-06 0.0183761 0.0499514 3003.6 5.32633e+11 6.84268e+30 7.90208e+13 1.20466e+06 1097.44 0.135468 4.14297e-08 2.54584e-13 2.32718e-16 2.86497e-20 4.79082e-25 4.37454e-28 7.28974e-33 2.44469e-36 5.52532e-42 0 0 0 0 0 0 0 0 0 0 0 0 0 0 0 0 0 0 0 0 0 0 0 0 0 0 0 0 0 0 0 0 0 0 0 0 0 0 0 0 0 0 0 0 0 0 0 0 0 
0 0 0 0 0 0 0 0 0 0 0 0 0 0 0 0 0 0 0 0 0 0 0 0 0 0 0 0 0 0 0 0 0 0 0 0 0 0 0 0 0 0 0 0 0 0 0 0 0 0 0 0 0 0 0 0 0 0 0 0 0 0 5.52532e-42 1.64722e-38 0 0 0 3.97036e-22 3.14182e-17 5.6069e-09 4.63123e-05 1.75632e-05 20.1003 2.65085e+10 7.90208e+13 6.84268e+30 1.07677e+13 3.58754e+09 5966.82 0.370991 8.34274e-07 2.06468e-09 3.77928e-11 3.14182e-17 3.87731e-21 1.30069e-24 7.99124e-30 8.99351e-37 5.55194e-42 0 0 0 0 0 0 0 0 0 0 0 0 0 0 0 0 0 0 0 0 0 0 0 0 0 0 0 0 0 0 0 0 0 0 0 0 0 0 0 0 0 0 0 0 0 0 0 0 
0 0 0 0 0 0 0 0 0 0 0 0 0 0 0 0 0 0 0 0 0 0 0 0 0 0 0 0 0 0 0 0 0 0 0 0 0 0 0 0 0 0 0 0 0 0 0 0 0 0 0 0 0 0 0 0 0 0 0 0 0 0 0 3.92364e-44 0 0 0 0 2.85938e-20 1.71579e-15 7.06456e-13 4.63123e-05 20.1003 2983.14 1.20466e+06 1.07677e+13 6.84268e+30 1.17292e+16 1.78678e+08 3.58798e+09 458.374 0.00091255 1.12645e-07 1.89427e-12 1.56479e-18 7.11455e-23 8.82303e-27 7.28929e-33 4.29318e-36 1.68654e-39 0 0 0 0 0 0 0 0 0 0 0 0 0 0 0 0 0 0 0 0 0 0 0 0 0 0 0 0 0 0 0 0 0 0 0 0 0 0 0 0 0 0 0 0 0 0 0 
0 0 0 0 0 0 0 0 0 0 0 0 0 0 0 0 0 0 0 0 0 0 0 0 0 0 0 0 0 0 0 0 0 0 0 0 0 0 0 0 0 0 0 0 0 0 0 0 0 0 0 0 0 0 0 0 0 0 0 0 0 0 0 0 0 0 0 0 0 2.11591e-19 1.716e-15 1.02694e-10 6.19089e-06 0.0183761 1097.44 3.58754e+09 1.17292e+16 6.84268e+30 1.58795e+15 7.20577e+10 326056 3038.27 0.000123545 4.14499e-08 1.88182e-12 3.14258e-17 1.07331e-20 6.47616e-26 1.46615e-31 1.49905e-32 0 0 0 0 0 0 0 0 0 0 0 0 0 0 0 0 0 0 0 0 0 0 0 0 0 0 0 0 0 0 0 0 0 0 0 0 0 0 0 0 0 0 0 0 0 0 0 
0 0 0 0 0 0 0 0 0 0 0 0 0 0 0 0 0 0 0 0 0 0 0 0 0 0 0 0 0 0 0 0 0 0 0 0 0 0 0 0 0 0 0 0 0 0 0 0 0 0 0 0 0 0 0 0 0 0 0 0 0 0 0 0 0 0 0 0 0 0 4.04324e-22 6.62588e-16 2.54615e-13 1.52449e-08 0.135468 5966.82 1.78678e+08 1.58795e+15 6.84268e+30 5.37401e+11 2.4398e+07 60270.1 0.00767528 1.6718e-05 7.60759e-10 4.67455e-15 4.25562e-18 7.80682e-20 1.62084e-28 1.11016e-31 0 0 0 0 0 0 0 0 0 0 0 0 0 0 0 0 0 0 0 0 0 0 0 0 0 0 0 0 0 0 0 0 0 0 0 0 0 0 0 0 0 0 0 0 0 0 0 
0 0 0 0 0 0 0 0 0 0 0 0 0 0 0 0 0 0 0 0 0 0 0 0 0 0 0 0 0 0 0 0 0 0 0 0 0 0 0 0 0 0 0 0 0 0 0 0 0 0 0 0 0 0 0 0 0 0 0 0 0 0 0 0 0 0 0 0 0 0 0 1.56804e-18 6.92031e-13 1.02694e-10 4.14297e-08 0.370991 3.58798e+09 7.20577e+10 5.37401e+11 6.84268e+30 1.17578e+16 2.65182e+10 3.27181e+06 54.6448 4.54332e-05 2.06317e-09 2.54568e-13 2.11694e-19 7.24957e-23 7.29335e-26 0 0 0 0 0 0 0 0 0 0 0 0 0 0 0 0 0 0 0 0 0 0 0 0 0 0 0 0 0 0 0 0 0 0 0 0 0 0 0 0 0 0 0 0 0 0 0 
0 0 0 0 0 0 0 0 0 0 0 0 0 0 0 0 0 0 0 0 0 0 0 0 0 0 0 0 0 0 0 0 0 0 0 0 0 0 0 0 0 0 0 0 0 0 0 0 0 0 0 0 0 0 0 0 0 0 0 0 0 0 0 0 0 0 0 0 0 0 0 7.27749e-23 5.7932e-19 8.56122e-17 2.54584e-13 8.34274e-07 458.374 326056 2.4398e+07 1.17578e+16 6.84268e+30 1.61651e+15 7.20929e+10 443062 7.39989 4.54776e-05 4.14348e-08 3.44521e-14 1.31218e-17 1.46056e-21 0 0 0 0 0 0 0 0 0 0 0 0 0 0 0 0 0 0 0 0 0 0 0 0 0 0 0 0 0 0 0 0 0 0 0 0 0 0 0 0 0 0 0 0 0 0 0 
0 0 0 0 0 0 0 0 0 0 0 0 0 0 0 0 0 0 0 0 0 0 0 0 0 0 0 0 0 0 0 0 0 0 0 0 0 0 0 0 0 0 0 0 0 0 0 0 0 0 0 0 0 0 0 0 0 0 0 0 0 0 0 0 0 0 0 0 0 0 0 8.90509e-30 1.37029e-24 1.05428e-20 2.32718e-16 2.06468e-09 0.000912661 3038.27 60270.1 2.65182e+10 1.61651e+15 6.84268e+30 1.58873e+15 5.32568e+11 8.90131e+06 403.823 0.0498235 3.06126e-07 6.92073e-13 1.26773e-14 7.84312e-20 0 0 0 0 0 0 0 0 0 0 0 0 0 0 0 0 0 0 0 0 0 0 0 0 0 0 0 0 0 0 0 0 0 0 0 0 0 0 0 0 0 0 0 0 0 0 
0 0 0 0 0 0 0 0 0 0 0 0 0 0 0 0 0 0 0 0 0 0 0 0 0 0 0 0 0 0 0 0 0 0 0 0 0 0 0 0 0 0 0 0 0 0 0 0 0 0 0 0 0 0 0 0 0 0 0 0 0 0 0 0 0 0 0 0 0 0 0 4.0397e-34 4.36387e-28 1.42638e-21 2.86497e-20 3.77975e-11 1.12645e-07 0.000123545 0.00767528 3.27181e+06 7.20929e+10 1.58873e+15 6.84268e+30 4.3165e+15 9.82123e+09 3.28021e+06 20.1518 6.16977e-06 7.62712e-10 3.45511e-14 1.31266e-17 7.83642e-20 0 0 0 0 1.00893e-43 0 0 0 0 0 0 0 0 0 0 0 0 0 0 0 0 0 0 0 0 0 0 0 0 0 0 0 0 0 0 0 0 0 0 0 0 0 0 0 0 
0 0 0 0 0 0 0 0 0 0 0 0 0 0 0 0 0 0 0 0 0 0 0 0 0 0 0 0 0 0 0 0 0 0 0 0 0 0 0 0 0 0 0 0 0 0 0 0 0 0 0 0 0 0 0 0 0 0 0 0 0 0 0 0 0 0 0 0 0 0 0 6.74616e-39 2.68093e-33 3.22409e-27 4.79082e-25 3.14182e-17 1.89439e-12 4.1455e-08 1.6718e-05 54.6448 443062 5.32568e+11 4.3165e+15 6.84268e+30 8.06975e+13 3.01005e+10 443332 2.72061 0.00248694 1.60077e-08 6.92623e-13 8.54086e-17 1.46409e-22 0 0 0 3.0168e-40 1.4013e-45 0 0 0 0 0 0 0 0 0 0 0 0 0 0 0 0 0 0 0 0 0 0 0 0 0 0 0 0 0 0 0 0 0 0 0 0 0 0 0 
0 0 0 0 0 0 0 0 0 0 0 0 0 0 0 0 0 0 0 0 0 0 0 0 0 0 0 0 0 0 0 0 0 0 0 0 0 0 0 0 0 0 0 0 0 0 0 0 0 0 0 0 0 0 0 0 0 0 0 0 0 0 0 0 0 0 0 0 0 0 0 1.12104e-43 2.22954e-39 7.28751e-33 4.37454e-28 3.87731e-21 1.56479e-18 1.88205e-12 7.60759e-10 4.54387e-05 7.39989 8.90131e+06 9.82243e+09 8.06975e+13 6.84268e+30 8.82474e+16 2.90772e+13 8.89262e+06 2.72293 0.00093556 6.19089e-06 1.39015e-11 8.54034e-17 5.84173e-22 0 0 3.30812e-37 1.10995e-40 1.4013e-45 0 0 0 0 0 0 0 0 0 0 0 0 0 0 0 0 0 0 0 0 0 0 0 0 0 0 0 0 0 0 0 0 0 0 0 0 0 0 
0 0 0 0 0 0 0 0 0 0 0 0 0 0 0 0 0 0 0 0 0 0 0 0 0 0 0 0 0 0 0 0 0 0 0 0 0 0 0 0 0 0 0 0 0 0 0 0 0 0 0 0 0 0 0 0 0 0 0 0 0 0 0 0 0 0 0 0 0 0 0 0 2.74654e-43 2.44469e-36 7.28974e-33 1.30069e-24 7.11455e-23 3.14258e-17 4.67484e-15 2.06317e-09 4.54776e-05 403.823 3.28021e+06 3.01005e+10 8.82474e+16 6.84268e+30 8.82474e+16 3.76614e+09 22153.2 7.76638 0.0498601 2.30379e-06 1.88171e-12 1.1563e-17 1.46056e-21 0 5.38479e-32 3.30933e-37 5.52532e-42 0 0 0 0 0 0 0 0 0 0 0 0 0 0 0 0 0 0 0 0 0 0 0 0 0 0 0 0 0 0 0 0 0 0 0 0 0 0 
0 0 0 0 0 0 0 0 0 0 0 0 0 0 0 0 0 0 0 0 0 0 0 0 0 0 0 0 0 0 0 0 0 0 0 0 0 0 0 0 0 0 0 0 0 0 0 0 0 0 0 0 0 0 0 0 0 0 0 0 0 0 0 0 0 0 0 0 0 0 0 0 0 4.08282e-41 2.44469e-36 7.99124e-30 8.82303e-27 1.07331e-20 4.25562e-18 2.54568e-13 4.14348e-08 0.0498235 20.1518 443332 2.90772e+13 8.82474e+16 6.84268e+30 2.16301e+14 4.86767e+08 442846 2983.87 0.00249758 4.15361e-08 2.54677e-13 8.6971e-17 1.46052e-22 1.60518e-28 6.11332e-32 6.76692e-36 7.48293e-43 0 0 0 0 0 0 0 0 0 0 0 0 0 0 0 0 0 0 0 0 0 0 0 0 0 0 0 0 0 0 0 0 0 0 0 0 0 
0 0 0 0 0 0 0 0 0 0 0 0 0 0 0 0 0 0 0 0 0 0 0 0 0 0 0 0 0 0 0 0 0 0 0 0 0 0 0 0 0 0 0 0 0 0 0 0 0 0 0 0 0 0 0 0 0 0 0 0 0 0 0 0 0 0 0 0 0 0 0 0 0 0 5.52532e-42 8.99351e-37 7.29018e-33 6.47656e-26 7.80682e-20 2.11694e-19 3.44542e-14 3.06126e-07 6.16977e-06 2.72061 8.89262e+06 3.76614e+09 2.16301e+14 6.84268e+30 1.07257e+13 3.59017e+09 59976.6 0.386477 8.32544e-07 2.79526e-10 6.92116e-13 4.66429e-15 1.76105e-25 5.90513e-29 2.17304e-29 4.92289e-35 5.60519e-45 0 0 0 0 0 0 0 0 0 0 0 0 0 0 0 0 0 0 0 0 0 0 0 0 0 0 0 0 0 0 0 0 0 0 0 0 
0 0 0 0 0 0 0 0 0 0 0 0 0 0 0 0 0 0 0 0 0 0 0 0 0 0 0 0 0 0 0 0 0 0 0 0 0 0 0 0 0 0 0 0 0 0 0 0 0 0 0 0 0 0 0 0 0 0 0 0 0 0 0 0 0 0 0 0 0 0 0 0 0 0 0 5.56456e-42 4.88982e-36 1.46749e-31 1.62004e-28 7.24957e-23 1.31218e-17 6.92073e-13 7.62712e-10 0.00248694 2.72293 22153.2 4.86767e+08 1.07257e+13 6.84268e+30 5.94679e+14 2.65118e+10 162874 2.72127 0.0025261 3.06164e-07 1.88091e-12 1.17702e-17 5.24801e-22 1.18608e-27 7.65125e-33 3.39174e-37 4.08422e-41 0 0 0 0 0 0 0 0 0 0 0 0 0 0 0 0 0 0 0 0 0 0 0 0 0 0 0 0 0 0 0 0 0 0 0 
0 0 0 0 0 0 0 0 0 0 0 0 0 0 0 0 0 0 0 0 0 0 0 0 0 0 0 0 0 0 0 0 0 0 0 0 0 0 0 0 0 0 0 0 0 0 0 0 0 0 0 0 0 0 0 0 0 0 0 0 0 0 0 0 0 0 0 0 0 0 0 0 0 0 0 0 2.27005e-39 1.98168e-32 1.46785e-31 6.47656e-26 1.46413e-21 1.26781e-14 3.45511e-14 1.60077e-08 0.00093556 7.76638 442846 3.59017e+09 5.94679e+14 6.84268e+30 6.40547e+17 2.6515e+10 442792 2986.06 2.72027 8.32138e-07 6.92031e-13 8.54034e-17 1.42638e-21 3.22449e-27 1.98265e-32 3.62824e-34 2.23008e-39 7.48293e-43 0 0 0 0 0 0 0 0 0 0 0 0 0 0 0 0 0 0 0 0 0 0 0 0 0 0 0 0 0 0 0 0 0 
0 0 0 0 0 0 0 0 0 0 0 0 0 0 0 0 0 0 0 0 0 0 0 0 0 0 0 0 0 0 0 0 0 0 0 0 0 0 0 0 0 0 0 0 0 0 0 0 0 0 0 0 0 0 0 0 0 0 0 0 0 0 0 0 0 0 0 0 0 0 0 0 0 0 0 0 3.78351e-44 1.21758e-37 4.88952e-36 1.0815e-30 0 7.83642e-20 1.31258e-17 6.92623e-13 6.19089e-06 0.0498601 2983.87 59976.6 2.65118e+10 6.40547e+17 6.84268e+30 4.53028e+15 1.95873e+11 1.20349e+06 406.494 0.000352421 2.79868e-10 3.44626e-14 5.7685e-19 1.30403e-24 7.99661e-30 5.3861e-32 9.18097e-37 1.11737e-40 0 0 0 0 0 0 0 0 0 0 0 0 0 0 0 0 0 0 0 0 0 0 0 0 0 0 0 0 0 0 0 0 0 
0 0 0 0 0 0 0 0 0 0 0 0 0 0 0 0 0 0 0 0 0 0 0 0 0 0 0 0 0 0 0 0 0 0 0 0 0 0 0 0 0 0 0 0 0 0 0 0 0 0 0 0 0 0 0 0 0 0 0 0 0 0 0 0 0 0 0 0 0 0 0 0 0 0 0 0 0 5.60519e-45 2.13418e-42 2.44439e-36 0 0 7.84264e-20 8.54086e-17 1.39015e-11 2.30379e-06 0.00249758 0.386477 162874 2.6515e+10 4.53028e+15 6.84268e+30 1.58795e+15 1.78788e+08 8112.98 0.0498722 2.26226e-06 5.11283e-12 8.54034e-17 2.1172e-19 6.47498e-26 1.60499e-28 1.33508e-34 6.64698e-36 5.52392e-42 0 0 0 0 0 0 0 0 0 0 0 0 0 0 0 0 0 0 0 0 0 0 0 0 0 0 0 0 0 0 0 0 
0 0 0 0 0 0 0 0 0 0 0 0 0 0 0 0 0 0 0 0 0 0 0 0 0 0 0 0 0 0 0 0 0 0 0 0 0 0 0 0 0 0 0 0 0 0 0 0 0 0 0 0 0 0 0 0 0 0 0 0 0 0 0 0 0 0 0 0 0 0 0 0 0 0 0 0 0 0 0 3.16796e-40 0 0 0 1.46052e-22 8.54034e-17 1.88182e-12 4.15361e-08 8.32544e-07 2.72127 442792 1.95873e+11 1.58795e+15 6.84268e+30 2.15089e+14 2.41726e+07 149.522 0.0186655 3.06126e-07 2.54553e-13 1.57495e-18 5.26148e-22 2.38216e-26 1.46517e-31 5.15757e-35 4.48307e-38 2.08793e-43 0 0 0 0 0 0 0 0 0 0 0 0 0 0 0 0 0 0 0 0 0 0 0 0 0 0 0 0 0 0 0 
0 0 0 0 0 0 0 0 0 0 0 0 0 0 0 0 0 0 0 0 0 0 0 0 0 0 0 0 0 0 0 0 0 0 0 0 0 0 0 0 0 0 0 0 0 0 0 0 0 0 0 0 0 0 0 0 0 0 0 0 0 0 0 0 0 0 0 0 0 0 0 0 0 0 0 0 0 0 0 4.08633e-41 0 0 0 0 5.84244e-22 1.15623e-17 2.54677e-13 2.79526e-10 0.0025261 2986.06 1.20349e+06 1.78788e+08 2.15089e+14 6.84268e+30 5.84032e+14 1.78613e+08 8.89371e+06 148.54 3.06126e-07 1.88125e-12 2.56299e-13 5.75479e-19 1.7646e-25 1.18601e-27 2.20174e-29 5.02752e-36 0 0 0 0 0 0 0 0 0 0 0 0 0 0 0 0 0 0 0 0 0 0 0 0 0 0 0 0 0 0 0 
0 0 0 0 0 0 0 0 0 0 0 0 0 0 0 0 0 0 0 0 0 0 0 0 0 0 0 0 0 0 0 0 0 0 0 0 0 0 0 0 0 0 0 0 0 0 0 0 0 0 0 0 0 0 0 0 0 0 0 0 0 0 0 0 0 0 0 0 0 0 0 0 0 0 0 0 0 0 0 0 0 0 0 0 0 1.46048e-21 8.6971e-17 6.92116e-13 3.06164e-07 2.72027 406.494 8112.98 2.41726e+07 5.84032e+14 6.84268e+30 5.83961e+14 4.85521e+08 23564.7 0.379974 8.32341e-07 1.39032e-11 9.7114e-14 5.7569e-19 1.93028e-22 4.37374e-28 6.34711e-30 0 0 0 0 0 0 0 0 0 0 0 0 0 0 0 0 0 0 0 0 0 0 0 0 0 0 0 0 0 0 0 
0 0 0 0 0 0 0 0 0 0 0 0 0 0 0 0 0 0 0 0 0 0 0 0 0 0 0 0 0 0 0 0 0 0 0 0 0 0 0 0 0 0 0 0 0 0 0 0 0 0 0 0 0 0 0 0 0 0 0 0 0 0 0 0 0 0 0 0 0 0 0 0 0 0 0 0 0 0 0 0 0 0 0 0 0 0 1.46044e-22 4.66458e-15 1.88102e-12 8.32138e-07 0.000352421 0.0498722 149.541 1.78613e+08 5.83961e+14 6.84268e+30 7.26051e+10 8.89371e+06 3.27261e+06 14.7975 2.06468e-09 3.77836e-11 6.95503e-13 2.15935e-19 6.63581e-26 9.75727e-27 0 0 0 0 0 0 0 0 0 0 0 0 0 0 0 0 0 0 0 0 0 0 0 0 0 0 0 0 0 0 0 
0 0 0 0 0 0 0 0 0 0 0 0 0 0 0 0 0 0 0 0 0 0 0 0 0 0 0 0 0 0 0 0 0 0 0 0 0 0 0 0 0 0 0 0 0 0 0 0 0 0 0 0 0 0 0 0 0 0 0 0 0 0 0 0 0 0 0 0 0 0 0 0 0 0 0 0 0 0 0 0 0 0 0 0 0 0 0 1.79086e-25 1.17717e-17 6.92031e-13 2.79868e-10 2.26254e-06 0.0186655 8.89371e+06 4.8558e+08 7.26139e+10 6.84268e+30 4.31439e+15 3.27141e+06 412.14 2991.89 1.67139e-05 1.88171e-12 2.58026e-13 6.62426e-16 1.46044e-22 0 0 0 0 0 0 0 0 0 0 0 0 0 0 0 0 0 0 0 0 0 0 0 0 0 0 0 0 0 0 0 
0 0 0 0 0 0 0 0 0 0 0 0 0 0 0 0 0 0 0 0 0 0 0 0 0 0 0 0 0 0 0 0 0 0 0 0 0 0 0 0 0 0 0 0 0 0 0 0 0 0 0 0 0 0 0 0 0 0 0 0 0 0 0 0 0 0 0 0 0 0 0 0 0 0 0 0 0 0 0 0 0 0 0 0 0 0 4.62529e-32 5.90513e-29 5.24801e-22 8.54034e-17 3.44647e-14 5.11314e-12 3.06164e-07 148.54 23564.7 8.89479e+06 4.31439e+15 6.84268e+30 1.0794e+13 8.89262e+06 1.20393e+06 2.04262 8.32544e-07 5.60827e-09 3.80428e-11 4.69514e-15 3.94366e-21 0 0 0 0 0 0 0 0 0 0 0 0 0 0 0 0 0 0 0 0 0 0 0 0 0 0 0 0 0 0 
0 0 0 0 0 0 0 0 0 0 0 0 0 0 0 0 0 0 0 0 0 0 0 0 0 0 0 0 0 0 0 0 0 0 0 0 0 0 0 0 0 0 0 0 0 0 0 0 0 0 0 0 0 0 0 0 0 0 0 0 0 0 0 0 0 0 0 0 0 0 0 0 0 0 0 0 0 0 0 0 0 0 0 0 0 0 5.11948e-36 2.17291e-29 1.18608e-27 1.42638e-21 5.7685e-19 8.54086e-17 2.54568e-13 3.06126e-07 0.379974 3.27301e+06 3.27141e+06 1.0794e+13 6.84268e+30 1.17277e+16 3.29385e+06 61428.8 1153.2 0.000335708 1.02732e-10 3.80381e-11 2.33301e-16 2.86252e-20 0 0 0 0 1.50219e-41 0 0 0 0 0 0 0 0 0 0 0 0 0 0 0 0 0 0 0 0 0 0 0 0 
0 0 0 0 0 0 0 0 0 0 0 0 0 0 0 0 0 0 0 0 0 0 0 0 0 0 0 0 0 0 0 0 0 0 0 0 0 0 0 0 0 0 0 0 0 0 0 0 0 0 0 0 0 0 0 0 0 0 0 0 0 0 0 0 0 0 0 0 0 0 0 0 0 0 0 0 0 0 0 0 0 0 0 0 0 0 5.66125e-43 4.91989e-35 7.65125e-33 3.22429e-27 1.30403e-24 2.11733e-19 1.57495e-18 1.88125e-12 8.32341e-07 14.7975 412.19 8.89262e+06 1.17277e+16 6.84268e+30 1.45849e+12 7.20577e+10 6.58767e+07 3094.04 0.000123545 1.12907e-07 1.39168e-11 1.26765e-14 7.78446e-20 0 0 0 1.21721e-37 5.52672e-42 1.4013e-45 0 0 0 0 0 0 0 0 0 0 0 0 0 0 0 0 0 0 0 0 0 0 
0 0 0 0 0 0 0 0 0 0 0 0 0 0 0 0 0 0 0 0 0 0 0 0 0 0 0 0 0 0 0 0 0 0 0 0 0 0 0 0 0 0 0 0 0 0 0 0 0 0 0 0 0 0 0 0 0 0 0 0 0 0 0 0 0 0 0 0 0 0 0 0 0 0 0 0 0 0 0 0 0 0 0 0 0 0 0 5.60519e-45 3.39195e-37 1.98265e-32 7.99661e-30 6.47577e-26 5.26212e-22 2.56299e-13 1.39032e-11 2.06468e-09 2991.89 1.20393e+06 3.29385e+06 1.45849e+12 6.84268e+30 5.84032e+14 7.46299e+07 9.07798e+06 22248.1 0.00676019 1.70207e-05 2.79868e-10 4.66856e-15 7.78398e-20 0 0 2.68109e-33 3.30832e-37 6.05978e-39 5.60519e-45 0 0 0 0 0 0 0 0 0 0 0 0 0 0 0 0 0 0 0 0 0 
0 0 0 0 0 0 0 0 0 0 0 0 0 0 0 0 0 0 0 0 0 0 0 0 0 0 0 0 0 0 0 0 0 0 0 0 0 0 0 0 0 0 0 0 0 0 0 0 0 0 0 0 0 0 0 0 0 0 0 0 0 0 0 0 0 0 0 0 0 0 0 0 0 0 0 0 0 0 0 0 0 0 0 0 0 0 0 0 4.08408e-41 3.62824e-34 5.38643e-32 1.60508e-28 2.38216e-26 5.75479e-19 9.7114e-14 3.77882e-11 1.67139e-05 2.04262 61428.8 7.20577e+10 5.84032e+14 6.84268e+30 4.31861e+15 7.90208e+13 4.85995e+08 22193.8 2.72127 0.000913219 1.52803e-08 6.92031e-13 1.56412e-18 5.37246e-22 1.18622e-27 3.97861e-31 1.80628e-35 6.88509e-39 2.74654e-43 0 0 0 0 0 0 0 0 0 0 0 0 0 0 0 0 0 0 0 0 
0 0 0 0 0 0 0 0 0 0 0 0 0 0 0 0 0 0 0 0 0 0 0 0 0 0 0 0 0 0 0 0 0 0 0 0 0 0 0 0 0 0 0 0 0 0 0 0 0 0 0 0 0 0 0 0 0 0 0 0 0 0 0 0 0 0 0 0 0 0 0 0 0 0 0 0 0 0 0 0 0 0 0 0 0 0 0 0 0 2.22981e-39 9.17985e-37 1.33508e-34 1.46517e-31 1.7646e-25 5.7569e-19 6.95503e-13 1.88171e-12 8.32544e-07 1153.2 6.58767e+07 7.46299e+07 4.31861e+15 6.84268e+30 1.59183e+15 1.50871e+09 9.35929e+06 426.73 0.0508683 6.45797e-06 5.64536e-09 1.2706e-14 1.56422e-18 3.53716e-24 3.22409e-27 7.28751e-33 6.64535e-36 2.46191e-36 1.00893e-43 5.60519e-45 0 0 0 0 0 0 0 0 0 0 0 0 0 0 0 0 0 0 
0 0 0 0 0 0 0 0 0 0 0 0 0 0 0 0 0 0 0 0 0 0 0 0 0 0 0 0 0 0 0 0 0 0 0 0 0 0 0 0 0 0 0 0 0 0 0 0 0 0 0 0 0 0 0 0 0 0 0 0 0 0 0 0 0 0 0 0 0 0 0 0 0 0 0 0 0 0 0 0 0 0 0 0 0 0 0 0 0 7.48293e-43 1.1173e-40 6.64738e-36 5.15883e-35 1.18601e-27 1.93028e-22 2.15948e-19 2.58026e-13 5.60827e-09 0.000335708 3094.04 9.07798e+06 7.90208e+13 1.59183e+15 6.84268e+30 1.17335e+16 3.93518e+12 4.86054e+08 442846 2.72094 4.54387e-05 1.02744e-10 3.44521e-14 5.75479e-19 2.61235e-23 8.76346e-27 3.97861e-31 1.8065e-35 1.38198e-37 3.78351e-44 0 0 0 0 0 0 0 0 0 0 0 0 0 0 0 0 0 0 
0 0 0 0 0 0 0 0 0 0 0 0 0 0 0 0 0 0 0 0 0 0 0 0 0 0 0 0 0 0 0 0 0 0 0 0 0 0 0 0 0 0 0 0 0 0 0 0 0 0 0 0 0 0 0 0 0 0 0 0 0 0 0 0 0 0 0 0 0 0 0 0 0 0 0 0 0 0 0 0 0 0 0 0 0 0 0 0 0 0 0 5.52672e-42 4.48554e-38 2.21212e-29 4.37427e-28 6.48368e-26 6.62426e-16 3.80428e-11 1.02732e-10 0.000123545 22248.1 4.85995e+08 1.50871e+09 1.17335e+16 6.84268e+30 5.89331e+14 7.30407e+10 2.50682e+07 458.542 0.0501653 3.06463e-07 3.77882e-11 2.32207e-16 7.78778e-20 3.53867e-24 4.36414e-28 2.81456e-33 6.6486e-36 5.64023e-42 0 0 0 0 0 0 0 0 0 0 0 0 0 0 0 0 0 0 
0 0 0 0 0 0 0 0 0 0 0 0 0 0 0 0 0 0 0 0 0 0 0 0 0 0 0 0 0 0 0 0 0 0 0 0 0 0 0 0 0 0 0 0 0 0 0 0 0 0 0 0 0 0 0 0 0 0 0 0 0 0 0 0 0 0 0 0 0 0 0 0 0 0 0 0 0 0 0 0 0 0 0 0 0 0 0 0 0 0 0 0 2.74654e-43 6.65103e-36 8.3901e-30 8.78649e-27 1.46061e-22 4.69514e-15 3.80381e-11 1.12907e-07 0.00676019 22193.8 9.35929e+06 3.93518e+12 5.89331e+14 6.84268e+30 8.72513e+16 1.07677e+13 3.58929e+09 8110.01 0.135451 4.54332e-05 7.58997e-10 3.44563e-14 2.11694e-19 3.87731e-21 2.3982e-26 1.60538e-28 4.90999e-35 2.03328e-42 0 0 0 0 0 0 0 0 0 0 0 0 0 0 0 0 0 
0 0 0 0 0 0 0 0 0 0 0 0 0 0 0 0 0 0 0 0 0 0 0 0 0 0 0 0 0 0 0 0 0 0 0 0 0 0 0 0 0 0 0 0 0 0 0 0 0 0 0 0 0 0 0 0 0 0 0 0 0 0 0 0 0 0 0 0 0 0 0 0 0 0 0 0 0 0 0 0 0 0 0 0 0 0 0 0 0 0 0 0 0 3.02437e-40 1.33484e-34 1.47531e-31 0 3.94462e-21 2.33301e-16 1.39168e-11 1.70207e-05 2.72127 426.73 4.86054e+08 7.30407e+10 8.72513e+16 6.84268e+30 3.26831e+16 4.00789e+12 2.53791e+07 148.667 0.0498357 3.06463e-07 3.77975e-11 3.44584e-14 5.75444e-19 2.67806e-23 6.49239e-26 6.11332e-32 3.31661e-37 1.4013e-44 0 0 0 0 0 0 0 0 0 0 0 0 0 0 0 0 
0 0 0 0 0 0 0 0 0 0 0 0 0 0 0 0 0 0 0 0 0 0 0 0 0 0 0 0 0 0 0 0 0 0 0 0 0 0 0 0 0 0 0 0 0 0 0 0 0 0 0 0 0 0 0 0 0 0 0 0 0 0 0 0 0 0 0 0 0 0 0 0 0 0 0 0 0 0 0 0 0 0 0 0 0 0 0 0 0 0 0 0 0 1.00893e-43 1.64863e-38 6.662e-36 0 0 2.86287e-20 1.26765e-14 2.79868e-10 0.000913219 0.0508683 442846 2.50682e+07 1.07677e+13 3.26831e+16 6.84268e+30 8.69111e+16 5.33805e+11 3.27221e+06 1097.57 0.0183335 8.32138e-07 1.02719e-10 1.26765e-14 6.04091e-19 3.87826e-21 1.18898e-27 3.62846e-34 3.01754e-40 0 0 0 0 0 0 0 0 0 0 0 0 0 0 0 0 
0 0 0 0 0 0 0 0 0 0 0 0 0 0 0 0 0 0 0 0 0 0 0 0 0 0 0 0 0 0 0 0 0 0 0 0 0 0 0 0 0 0 0 0 0 0 0 0 0 0 0 0 0 0 0 0 0 0 0 0 0 0 0 0 0 0 0 0 0 0 0 0 0 0 0 0 0 0 0 0 0 0 0 0 0 0 0 0 0 0 0 0 0 0 2.03328e-42 6.07422e-39 0 0 0 7.78398e-20 4.66856e-15 1.52803e-08 6.45797e-06 2.72094 458.542 3.58929e+09 4.00789e+12 8.69111e+16 6.84268e+30 4.37271e+15 2.70149e+10 8.89914e+06 406.593 0.00674453 1.1339e-07 2.79185e-10 4.66458e-15 8.54347e-17 9.7861e-24 1.08183e-30 6.63198e-36 0 0 0 0 0 0 0 0 0 0 0 0 0 0 0 0 
0 0 0 0 0 0 0 0 0 0 0 0 0 0 0 0 0 0 0 0 0 0 0 0 0 0 0 0 0 0 0 0 0 0 0 0 0 0 0 0 0 0 0 0 0 0 0 0 0 0 0 0 0 0 0 0 0 0 0 0 0 0 0 0 0 0 0 0 0 0 0 0 0 0 0 0 0 0 0 0 0 0 0 0 0 0 0 0 0 0 0 0 0 0 0 3.78351e-44 0 0 0 0 7.78398e-20 6.92031e-13 5.64536e-09 4.54387e-05 0.0501653 8110.01 2.53791e+07 5.33805e+11 4.37271e+15 6.84268e+30 8.67733e+16 2.96073e+13 4.83556e+07 22101.9 0.0498722 0.000123515 3.77928e-11 4.66486e-15 8.17499e-20 1.18644e-27 5.37297e-32 0 0 0 0 0 0 0 0 0 0 0 0 0 0 0 0 
0 0 0 0 0 0 0 0 0 0 0 0 0 0 0 0 0 0 0 0 0 0 0 0 0 0 0 0 0 0 0 0 0 0 0 0 0 0 0 0 0 0 0 0 0 0 0 0 0 0 0 0 0 0 0 0 0 0 0 0 0 0 0 0 0 0 0 0 0 0 0 0 0 0 0 0 0 0 0 0 0 0 0 0 0 0 0 0 0 0 0 0 0 0 0 0 0 0 0 0 0 1.56422e-18 1.2706e-14 1.02744e-10 3.06463e-07 0.135451 148.667 3.27221e+06 2.70149e+10 8.67733e+16 6.84268e+30 1.18111e+16 1.12555e+13 2.65377e+10 8218.64 0.135501 3.1186e-07 5.11564e-12 6.31243e-16 1.30109e-24 1.60146e-28 0 0 0 0 0 0 0 0 0 0 0 0 0 0 0 0 
0 0 0 0 0 0 0 0 0 0 0 0 0 0 0 0 0 0 0 0 0 0 0 0 0 0 0 0 0 0 0 0 0 0 0 0 0 0 0 0 0 0 0 0 0 0 0 0 0 0 0 0 0 0 0 0 0 0 0 0 0 0 0 0 0 0 0 0 0 0 0 0 0 0 0 0 0 0 0 0 0 0 0 0 0 0 0 0 0 0 0 0 0 0 0 0 0 0 0 0 0 5.37279e-22 1.56431e-18 3.44521e-14 3.77882e-11 4.54332e-05 0.0498357 1097.57 8.89914e+06 2.96073e+13 1.18111e+16 6.84268e+30 1.67067e+15 5.61681e+11 6.55221e+06 8165.64 0.000917241 3.06351e-07 1.88137e-12 7.79111e-20 3.52789e-24 0 0 0 0 0 0 0 0 0 0 0 0 0 0 0 0 
0 0 0 0 0 0 0 0 0 0 0 0 0 0 0 0 0 0 0 0 0 0 0 0 0 0 0 0 0 0 0 0 0 0 0 0 0 0 0 0 0 0 0 0 0 0 0 0 0 0 0 0 0 0 0 0 0 0 0 0 0 0 0 0 0 0 0 0 0 0 0 0 0 0 0 0 0 0 0 0 0 0 0 0 0 0 0 0 0 0 0 0 0 0 0 0 0 0 0 0 0 0 3.53306e-24 5.75479e-19 2.32207e-16 7.58997e-10 3.06463e-07 0.0183335 406.593 4.83556e+07 1.12555e+13 1.67067e+15 6.84268e+30 2.36249e+17 1.45015e+12 2.41815e+07 2.73893 0.0498357 5.60827e-09 6.31051e-16 2.85833e-20 0 0 0 0 0 0 0 0 0 0 0 0 0 0 0 0 
0 0 0 0 0 0 0 0 0 0 0 0 0 0 0 0 0 0 0 0 0 0 0 0 0 0 0 0 0 0 0 0 0 0 0 0 0 0 0 0 0 0 0 0 0 0 0 0 0 0 0 0 0 0 0 0 0 0 0 0 0 0 0 0 0 0 0 0 0 0 0 0 0 0 0 0 0 0 0 0 0 0 0 0 0 0 0 0 0 0 0 0 0 0 0 0 0 0 0 0 0 4.07395e-31 3.2239e-27 2.61235e-23 7.78778e-20 3.44563e-14 3.77975e-11 8.32138e-07 0.00674453 22101.9 2.65377e+10 5.61681e+11 2.36249e+17 6.84268e+30 3.24684e+16 5.33805e+11 1.20466e+06 20.1052 0.00248299 5.11314e-12 6.31012e-16 0 0 0 0 0 0 0 0 0 0 0 0 0 0 0 0 
0 0 0 0 0 0 0 0 0 0 0 0 0 0 0 0 0 0 0 0 0 0 0 0 0 0 0 0 0 0 0 0 0 0 0 0 0 0 0 0 0 0 0 0 0 0 0 0 0 0 0 0 0 0 0 0 0 0 0 0 0 0 0 0 0 0 0 0 0 0 0 0 0 0 0 0 0 0 0 0 0 0 0 0 0 0 0 0 0 0 0 0 0 0 0 0 0 0 0 0 0 1.84957e-35 7.28751e-33 8.76346e-27 3.53867e-24 2.11694e-19 3.44584e-14 1.02719e-10 1.1339e-07 0.0498722 8218.64 6.55221e+06 1.45015e+12 3.24684e+16 6.84268e+30 5.87966e+14 6.59975e+07 22056.1 0.135451 8.33256e-07 6.91989e-13 5.75233e-19 1.58795e-21 0 0 0 0 0 0 0 0 0 0 0 0 0 0 
0 0 0 0 0 0 0 0 0 0 0 0 0 0 0 0 0 0 0 0 0 0 0 0 0 0 0 0 0 0 0 0 0 0 0 0 0 0 0 0 0 0 0 0 0 0 0 0 0 0 0 0 0 0 0 0 0 0 0 0 0 0 0 0 0 0 0 0 0 0 0 0 0 0 0 0 0 0 0 0 0 0 0 0 0 0 0 0 0 0 0 0 0 0 0 0 0 0 0 0 0 7.05009e-39 6.64535e-36 3.97861e-31 4.36414e-28 3.87731e-21 5.75479e-19 1.26765e-14 2.79185e-10 0.000123515 0.135501 8165.64 2.41815e+07 5.33805e+11 5.87966e+14 6.84268e+30 7.91077e+13 1.44128e+11 162914 0.00248148 4.57448e-05 2.55206e-13 5.87044e-19 0 0 0 0 0 0 0 0 0 0 0 0 0 0 
0 0 0 0 0 0 0 0 0 0 0 0 0 0 0 0 0 0 0 0 0 0 0 0 0 0 0 0 0 0 0 0 0 0 0 0 0 0 0 0 0 0 0 0 0 0 0 0 0 0 0 0 0 0 0 0 0 0 0 0 0 0 0 0 0 0 0 0 0 0 0 0 0 0 0 0 0 0 0 0 0 0 0 0 0 0 0 0 0 0 0 0 0 0 0 0 0 0 0 0 0 2.81661e-43 2.46191e-36 1.8065e-35 2.81474e-33 2.3982e-26 2.67806e-23 6.04091e-19 4.66458e-15 3.77975e-11 3.1186e-07 0.000917241 2.73893 1.20466e+06 6.59975e+07 7.91077e+13 6.84268e+30 1.58756e+15 2.14906e+14 442792 0.368239 1.70207e-05 3.77836e-11 1.94745e-15 1.58795e-21 0 0 0 0 0 0 0 0 0 0 0 0 
0 0 0 0 0 0 0 0 0 0 0 0 0 0 0 0 0 0 0 0 0 0 0 0 0 0 0 0 0 0 0 0 0 0 0 0 0 0 0 0 0 0 0 0 0 0 0 0 0 0 0 0 0 0 0 0 0 0 0 0 0 0 0 0 0 0 0 0 0 0 0 0 0 0 0 0 0 0 0 0 0 0 0 0 0 0 0 0 0 0 0 0 0 0 0 0 0 0 0 0 0 0 1.00893e-43 1.38198e-37 6.649e-36 1.60538e-28 6.49278e-26 3.87826e-21 8.54451e-17 4.66515e-15 5.11564e-12 3.06351e-07 0.0498357 20.1052 22056.1 1.44128e+11 1.58756e+15 6.84268e+30 1.58756e+15 3.57433e+08 1112.82 0.0184233 5.81746e-09 9.45291e-14 4.89709e-15 0 0 0 0 0 0 0 0 0 0 0 0 
0 0 0 0 0 0 0 0 0 0 0 0 0 0 0 0 0 0 0 0 0 0 0 0 0 0 0 0 0 0 0 0 0 0 0 0 0 0 0 0 0 0 0 0 0 0 0 0 0 0 0 0 0 0 0 0 0 0 0 0 0 0 0 0 0 0 0 0 0 0 0 0 0 0 0 0 0 0 0 0 0 0 0 0 0 0 0 0 0 0 0 0 0 0 0 0 0 0 0 0 0 0 5.60519e-45 3.78351e-44 5.64023e-42 4.90999e-35 6.11332e-32 1.18898e-27 9.7867e-24 8.17499e-20 6.31243e-16 1.88137e-12 5.60827e-09 0.00248299 0.135451 162914 2.14906e+14 1.58756e+15 6.84268e+30 2.15011e+14 1.79181e+08 8521.03 0.018421 8.32544e-07 6.92242e-13 3.36636e-17 1.5894e-21 0 0 0 0 0 0 0 0 0 0 
0 0 0 0 0 0 0 0 0 0 0 0 0 0 0 0 0 0 0 0 0 0 0 0 0 0 0 0 0 0 0 0 0 0 0 0 0 0 0 0 0 0 0 0 0 0 0 0 0 0 0 0 0 0 0 0 0 0 0 0 0 0 0 0 0 0 0 0 0 0 0 0 0 0 0 0 0 0 0 0 0 0 0 0 0 0 0 0 0 0 0 0 0 0 0 0 0 0 0 0 0 0 0 0 0 2.03328e-42 3.31661e-37 3.62868e-34 1.08189e-30 1.18644e-27 1.30109e-24 7.79111e-20 6.31051e-16 5.11314e-12 8.33256e-07 0.00248148 442792 3.57433e+08 2.15011e+14 6.84268e+30 5.36221e+11 1.79093e+08 22455.4 0.00680573 6.18132e-09 9.36734e-14 2.32832e-16 1.59864e-21 0 0 0 0 0 0 0 0 0 
0 0 0 0 0 0 0 0 0 0 0 0 0 0 0 0 0 0 0 0 0 0 0 0 0 0 0 0 0 0 0 0 0 0 0 0 0 0 0 0 0 0 0 0 0 0 0 0 0 0 0 0 0 0 0 0 0 0 0 0 0 0 0 0 0 0 0 0 0 0 0 0 0 0 0 0 0 0 0 0 0 0 0 0 0 0 0 0 0 0 0 0 0 0 0 0 0 0 0 0 0 0 0 0 0 0 1.4013e-44 3.03213e-40 6.64738e-36 5.38544e-32 1.60518e-28 3.53608e-24 2.85833e-20 6.31012e-16 6.91989e-13 4.57448e-05 0.368239 1112.82 1.79181e+08 5.36221e+11 6.84268e+30 7.92236e+13 1.79093e+08 3010.95 0.135501 0.000918922 5.14759e-12 2.32434e-16 0 0 0 0 0 0 0 0 0 
0 0 0 0 0 0 0 0 0 0 0 0 0 0 0 0 0 0 0 0 0 0 0 0 0 0 0 0 0 0 0 0 0 0 0 0 0 0 0 0 0 0 0 0 0 0 0 0 0 0 0 0 0 0 0 0 0 0 0 0 0 0 0 0 0 0 0 0 0 0 0 0 0 0 0 0 0 0 0 0 0 0 0 0 0 0 0 0 0 0 0 0 0 0 0 0 0 0 0 0 0 0 0 0 0 0 0 5.60519e-45 6.06052e-39 4.47897e-38 4.91179e-35 1.08183e-30 0 0 5.75163e-19 2.55206e-13 1.70207e-05 0.0184233 8521.03 1.79093e+08 7.92236e+13 6.84268e+30 1.59144e+15 9.75671e+09 162914 2.85674 0.000132044 2.06367e-09 0 0 0 0 0 0 0 0 0 
0 0 0 0 0 0 0 0 0 0 0 0 0 0 0 0 0 0 0 0 0 0 0 0 0 0 0 0 0 0 0 0 0 0 0 0 0 0 0 0 0 0 0 0 0 0 0 0 0 0 0 0 0 0 0 0 0 0 0 0 0 0 0 0 0 0 0 0 0 0 0 0 0 0 0 0 0 0 0 0 0 0 0 0 0 0 0 0 0 0 0 0 0 0 0 0 0 0 0 0 0 0 0 0 0 0 0 0 0 1.06499e-43 1.11036e-40 6.64616e-36 0 0 1.58795e-21 5.87116e-19 3.77836e-11 5.81746e-09 0.018421 22455.4 1.79093e+08 1.59144e+15 6.84268e+30 1.59261e+15 1.32365e+09 60079.1 149.723 0.000917241 0 0 0 0 0 0 0 0 0 
0 0 0 0 0 0 0 0 0 0 0 0 0 0 0 0 0 0 0 0 0 0 0 0 0 0 0 0 0 0 0 0 0 0 0 0 0 0 0 0 0 0 0 0 0 0 0 0 0 0 0 0 0 0 0 0 0 0 0 0 0 0 0 0 0 0 0 0 0 0 0 0 0 0 0 0 0 0 0 0 0 0 0 0 0 0 0 0 0 0 0 0 0 0 0 0 0 0 0 0 0 0 0 0 0 0 0 0 0 0 5.60519e-45 1.64802e-38 0 0 0 0 1.94745e-15 9.45291e-14 8.32544e-07 0.00680573 3010.95 9.75671e+09 1.59261e+15 6.84268e+30 5.85388e+14 7.20664e+10 1.20378e+06 58.4182 0 0 0 0 0 0 0 0 0 
0 0 0 0 0 0 0 0 0 0 0 0 0 0 0 0 0 0 0 0 0 0 0 0 0 0 0 0 0 0 0 0 0 0 0 0 0 0 0 0 0 0 0 0 0 0 0 0 0 0 0 0 0 0 0 0 0 0 0 0 0 0 0 0 0 0 0 0 0 0 0 0 0 0 0 0 0 0 0 0 0 0 0 0 0 0 0 0 0 0 0 0 0 0 0 0 0 0 0 0 0 0 0 0 0 0 0 0 0 0 0 2.74654e-43 0 0 0 0 1.58795e-21 4.89709e-15 6.92242e-13 6.18132e-09 0.135501 162914 1.32365e+09 5.85388e+14 6.84268e+30 5.84174e+14 1.32156e+09 22120.8 0 0 0 0 0 0 0 0 0 
0 0 0 0 0 0 0 0 0 0 0 0 0 0 0 0 0 0 0 0 0 0 0 0 0 0 0 0 0 0 0 0 0 0 0 0 0 0 0 0 0 0 0 0 0 0 0 0 0 0 0 0 0 0 0 0 0 0 0 0 0 0 0 0 0 0 0 0 0 0 0 0 0 0 0 0 0 0 0 0 0 0 0 0 0 0 0 0 0 0 0 0 0 0 0 0 0 0 0 0 0 0 0 0 0 0 0 0 0 0 0 0 0 0 0 0 0 0 3.36656e-17 9.36734e-14 0.000918922 2.85674 60079.1 7.20664e+10 5.84174e+14 6.84268e+30 8.99586e+13 1.32075e+09 0 0 0 0 0 0 0 0 0 
0 0 0 0 0 0 0 0 0 0 0 0 0 0 0 0 0 0 0 0 0 0 0 0 0 0 0 0 0 0 0 0 0 0 0 0 0 0 0 0 0 0 0 0 0 0 0 0 0 0 0 0 0 0 0 0 0 0 0 0 0 0 0 0 0 0 0 0 0 0 0 0 0 0 0 0 0 0 0 0 0 0 0 0 0 0 0 0 0 0 0 0 0 0 0 0 0 0 0 0 0 0 0 0 0 0 0 0 0 0 0 0 0 0 0 0 0 0 1.59874e-21 2.32832e-16 5.14759e-12 0.000132044 149.723 1.20378e+06 1.32156e+09 8.99586e+13 6.84268e+30 2.35788e+17 0 0 0 0 0 0 0 0 0 
0 0 0 0 0 0 0 0 0 0 0 0 0 0 0 0 0 0 0 0 0 0 0 0 0 0 0 0 0 0 0 0 0 0 0 0 0 0 0 0 0 0 0 0 0 0 0 0 0 0 0 0 0 0 0 0 0 0 0 0 0 0 0 0 0 0 0 0 0 0 0 0 0 0 0 0 0 0 0 0 0 0 0 0 0 0 0 0 0 0 0 0 0 0 0 0 0 0 0 0 0 0 0 0 0 0 0 0 0 0 0 0 0 0 0 0 0 0 0 1.59192e-21 2.32434e-16 2.06342e-09 0.000917241 58.4182 22120.8 1.32075e+09 2.35788e+17 6.84268e+30 0 0 0 0 0 0 0 0 0 
0 0 0 0 0 0 0 0 0 0 0 0 0 0 0 0 0 0 0 0 0 0 0 0 0 0 0 0 0 0 0 0 0 0 0 0 0 0 0 0 0 0 0 0 0 0 0 0 0 0 0 0 0 0 0 0 0 0 0 0 0 0 0 0 0 0 0 0 0 0 0 0 0 0 0 0 0 0 0 0 0 0 0 0 0 0 0 0 0 0 0 0 0 0 0 0 0 0 0 0 0 0 0 0 0 0 0 0 0 0 0 0 0 0 0 0 0 0 0 0 2.91791e-20 4.69428e-15 2.93801e-10 0.000338011 1101.33 165945 1.02387e+10 1.80268e+15 0 0 0 0 0 0 0 0 0 
0 0 0 0 0 0 0 0 0 0 0 0 0 0 0 0 0 0 0 0 0 0 0 0 0 0 0 0 0 0 0 0 0 0 0 0 0 0 0 0 0 0 0 0 0 0 0 0 0 0 0 0 0 0 0 0 0 0 0 0 0 0 0 0 0 0 0 0 0 0 0 0 0 0 0 0 0 0 0 0 0 0 0 0 0 0 0 0 0 0 0 0 0 0 0 0 0 0 0 0 0 0 0 0 0 0 0 0 0 0 0 0 0 0 0 0 0 0 0 0 3.53586e-24 3.1445e-17 1.88114e-12 2.26226e-06 0.000338011 21.4908 1.79509e+08 2.90737e+13 0 0 0 0 0 0 0 0 0 
0 0 0 0 0 0 0 0 0 0 0 0 0 0 0 0 0 0 0 0 0 0 0 0 0 0 0 0 0 0 0 0 0 0 0 0 0 0 0 0 0 0 0 0 0 0 0 0 0 0 0 0 0 0 0 0 0 0 0 0 0 0 0 0 0 0 0 0 0 0 0 0 0 0 0 0 0 0 0 0 0 0 0 0 0 0 0 0 0 0 0 0 0 0 0 0 0 0 0 0 0 0 0 0 0 0 0 0 0 0 0 0 0 0 0 0 0 0 0 0 1.60675e-28 3.53759e-24 4.29214e-18 3.62667e-14 7.74818e-10 0.0024842 2992.26 4.94057e+07 0 0 0 0 0 0 0 0 0 
0 0 0 0 0 0 0 0 0 0 0 0 0 0 0 0 0 0 0 0 0 0 0 0 0 0 0 0 0 0 0 0 0 0 0 0 0 0 0 0 0 0 0 0 0 0 0 0 0 0 0 0 0 0 0 0 0 0 0 0 0 0 0 0 0 0 0 0 0 0 0 0 0 0 0 0 0 0 0 0 0 0 0 0 0 0 0 0 0 0 0 0 0 0 0 0 0 0 0 0 0 0 0 0 0 0 0 0 0 0 0 0 0 0 0 0 0 0 0 0 9.87463e-34 1.60773e-28 9.63909e-24 1.21491e-17 3.78898e-11 5.61306e-09 0.000336981 172.099 0 0 0 0 0 0 0 0 0 
0 0 0 0 0 0 0 0 0 0 0 0 0 0 0 0 0 0 0 0 0 0 0 0 0 0 0 0 0 0 0 0 0 0 0 0 0 0 0 0 0 0 0 0 0 0 0 0 0 0 0 0 0 0 0 0 0 0 0 0 0 0 0 0 0 0 0 0 0 0 0 0 0 0 0 0 0 0 0 0 0 0 0 0 0 0 0 0 0 0 0 0 0 0 0 0 0 0 0 0 0 0 0 0 0 0 0 0 0 0 0 0 0 0 0 0 0 0 0 0 3.37028e-37 5.42371e-32 3.38543e-27 3.87778e-21 1.26874e-14 2.01103e-12 1.18253e-07 0.018338 0 0 0 0 0 0 0 0 0 
0 0 0 0 0 0 0 0 0 0 0 0 0 0 0 0 0 0 0 0 0 0 0 0 0 0 0 0 0 0 0 0 0 0 0 0 0 0 0 0 0 0 0 0 0 0 0 0 0 0 0 0 0 0 0 0 0 0 0 0 0 0 0 0 0 0 0 0 0 0 0 0 0 0 0 0 0 0 0 0 0 0 0 0 0 0 0 0 0 0 0 0 0 0 0 0 0 0 0 0 0 0 0 0 0 0 0 0 0 0 0 0 0 0 0 0 0 0 0 0 4.28951e-41 3.69574e-34 2.30038e-29 2.62162e-23 3.88584e-21 2.43767e-16 2.06317e-09 0.000335872 0 0 0 0 0 0 0 0 0 
0 0 0 0 0 0 0 0 0 0 0 0 0 0 0 0 0 0 0 0 0 0 0 0 0 0 0 0 0 0 0 0 0 0 0 0 0 0 0 0 0 0 0 0 0 0 0 0 0 0 0 0 0 0 0 0 0 0 0 0 0 0 0 0 0 0 0 0 0 0 0 0 0 0 0 0 0 0 0 0 0 0 0 0 0 0 0 0 0 0 0 0 0 0 0 0 0 0 0 0 0 0 0 0 0 0 0 0 0 0 0 0 0 0 0 0 0 0 0 0 3.78351e-44 3.1856e-40 1.87446e-35 4.59232e-28 1.52671e-24 5.83049e-21 8.72238e-18 9.63844e-13 0 0 0 0 0 0 0 0 0 
0 0 0 0 0 0 0 0 0 0 0 0 0 0 0 0 0 0 0 0 0 0 0 0 0 0 0 0 0 0 0 0 0 0 0 0 0 0 0 0 0 0 0 0 0 0 0 0 0 0 0 0 0 0 0 0 0 0 0 0 0 0 0 0 0 0 0 0 0 0 0 0 0 0 0 0 0 0 0 0 0 0 0 0 0 0 0 0 0 0 0 0 0 0 0 0 0 0 0 0 0 0 0 0 0 0 0 0 0 0 0 0 0 0 0 0 0 0 0 0 1.4013e-45 1.11158e-40 1.8169e-35 2.9247e-31 1.34573e-27 2.6189e-23 3.14661e-17 2.67014e-13 0 0 0 0 0 0 0 0 0 
0 0 0 0 0 0 0 0 0 0 0 0 0 0 0 0 0 0 0 0 0 0 0 0 0 0 0 0 0 0 0 0 0 0 0 0 0 0 0 0 0 0 0 0 0 0 0 0 0 0 0 0 0 0 0 0 0 0 0 0 0 0 0 0 0 0 0 0 0 0 0 0 0 0 0 0 0 0 0 0 0 0 0 0 0 0 0 0 0 0 0 0 0 0 0 0 0 0 0 0 0 0 0 0 0 0 0 0 0 0 0 0 0 0 0 0 0 0 0 0 1.4013e-45 1.10874e-40 3.3051e-37 5.3792e-32 4.78002e-25 7.09461e-23 2.11474e-19 4.65832e-15 0 0 0 0 0 0 0 0 0 
